0.000000 0.000000 100.000000
0.057000 0.987278 100.569985
0.114000 1.974556 101.108129
0.171000 2.961833 101.614434
0.228000 3.949111 102.088898
0.285000 4.936389 102.531522
0.342000 5.923667 102.942306
0.399000 6.910944 103.321249
0.456000 7.898222 103.668352
0.513000 8.885500 103.983616
0.570000 9.872778 104.267039
0.627000 10.860055 104.518621
0.684000 11.847333 104.738364
0.741000 12.834611 104.926266
0.798000 13.821889 105.082328
0.855000 14.809166 105.206550
0.912000 15.796444 105.298932
0.969000 16.783722 105.359474
1.026000 17.771000 105.388175
1.083000 18.758277 105.385036
1.140000 19.745555 105.350057
1.197000 20.732833 105.283238
1.254000 21.720111 105.184578
1.311000 22.707389 105.054079
1.368000 23.694666 104.891739
1.425000 24.681944 104.697559
1.482000 25.669222 104.471539
1.539000 26.656500 104.213678
1.596000 27.643777 103.923978
1.653000 28.631055 103.602437
1.710000 29.618333 103.249056
1.767000 30.605611 102.863834
1.824000 31.592888 102.446773
1.881000 32.580166 101.997871
1.938000 33.567444 101.517129
1.995000 34.554722 101.004547
2.052000 35.541999 100.460125
2.109000 36.529277 99.883863
2.166000 37.516555 99.275760
2.223000 38.503833 98.635817
2.280000 39.491110 97.964034
2.337000 40.478388 97.260411
2.394000 41.465666 96.524947
2.451000 42.452944 95.757644
2.508000 43.440222 94.958500
2.565000 44.427499 94.127516
2.622000 45.414777 93.264692
2.679000 46.402055 92.370027
2.736000 47.389333 91.443523
2.793000 48.376610 90.485178
2.850000 49.363888 89.494993
2.907000 50.351166 88.472967
2.964000 51.338444 87.419102
3.021000 52.325721 86.333396
3.078000 53.312999 85.215851
3.135000 54.300277 84.066464
3.192000 55.287555 82.885238
3.249000 56.274832 81.672172
3.306000 57.262110 80.427265
3.363000 58.249388 79.150518
3.420000 59.236666 77.841931
3.477000 60.223943 76.501504
3.534000 61.211221 75.129237
3.591000 62.198499 73.725129
3.648000 63.185777 72.289181
3.705000 64.173055 70.821393
3.762000 65.160332 69.321765
3.819000 66.147610 67.790296
3.876000 67.134888 66.226988
3.933000 68.122166 64.631839
3.990000 69.109443 63.004850
4.047000 70.096721 61.346021
4.104000 71.083999 59.655351
4.161000 72.071277 57.932841
4.218000 73.058554 56.178492
4.275000 74.045832 54.392302
4.332000 75.033110 52.574271
4.389000 76.020388 50.724401
4.446000 77.007665 48.842690
4.503000 77.994943 46.929139
4.560000 78.982221 44.983748
4.617000 79.969499 43.006517
4.674000 80.956777 40.997446
4.731000 81.944054 38.956534
4.788000 82.931332 36.883782
4.845000 83.918610 34.779190
4.902000 84.905888 32.642758
4.959000 85.893165 30.474485
5.016000 86.880443 28.274373
5.073000 87.867721 26.042420
5.130000 88.854999 23.778627
5.187000 89.842276 21.482994
5.244000 90.829554 19.155520
5.301000 91.816832 16.796207
5.358000 92.804110 14.405053
5.415000 93.791387 11.982059
5.472000 94.778665 9.527224
5.529000 95.765943 7.040550
5.586000 96.753221 4.522035
5.643000 97.740498 1.971680
5.700000 98.727776 -0.610515
