0.000000 0.000000 0.000000 20.000000 0.000000
0.010000 -0.046060 0.171937 19.754251 0.172069
0.020000 -0.092121 0.342895 19.508503 0.343157
0.030000 -0.138181 0.512872 19.262754 0.513266
0.040000 -0.184242 0.681869 19.017005 0.682394
0.050000 -0.230302 0.849886 18.771256 0.850543
0.060000 -0.276363 1.016924 18.525508 1.017711
0.070000 -0.322423 1.182981 18.279759 1.183900
0.080000 -0.368484 1.348058 18.034010 1.349108
0.090000 -0.414544 1.512156 17.788262 1.513337
0.100000 -0.460605 1.675273 17.542513 1.676585
0.110000 -0.506665 1.837410 17.296764 1.838854
0.120000 -0.552726 1.998567 17.051015 2.000142
0.130000 -0.598786 2.158745 16.805267 2.160451
0.140000 -0.644847 2.317942 16.559518 2.319779
0.150000 -0.690907 2.476159 16.313769 2.478128
0.160000 -0.736968 2.633397 16.068021 2.635496
0.170000 -0.783028 2.789654 15.822272 2.791885
0.180000 -0.829089 2.944931 15.576523 2.947293
0.190000 -0.875149 3.099228 15.330774 3.101722
0.200000 -0.921210 3.252546 15.085026 3.255170
0.210000 -0.967270 3.404883 14.839277 3.407639
0.220000 -1.013331 3.556240 14.593528 3.559127
0.230000 -1.059391 3.706618 14.347780 3.709636
0.240000 -1.105452 3.856015 14.102031 3.859164
0.250000 -1.151512 4.004432 13.856282 4.007713
0.260000 -1.197573 4.151869 13.610533 4.155281
0.270000 -1.243633 4.298327 13.364785 4.301870
0.280000 -1.289694 4.443804 13.119036 4.447478
0.290000 -1.335754 4.588301 12.873287 4.592107
0.300000 -1.381815 4.731819 12.627539 4.735755
0.310000 -1.427875 4.874356 12.381790 4.878424
0.320000 -1.473936 5.015913 12.136041 5.020112
0.330000 -1.519996 5.156490 11.890292 5.160821
0.340000 -1.566057 5.296088 11.644544 5.300549
0.350000 -1.612117 5.434705 11.398795 5.439298
0.360000 -1.658178 5.572342 11.153046 5.577066
0.370000 -1.704238 5.709000 10.907298 5.713855
0.380000 -1.750299 5.844677 10.661549 5.849663
0.390000 -1.796359 5.979374 10.415800 5.984492
0.400000 -1.842420 6.113091 10.170051 6.118340
0.410000 -1.888480 6.245829 9.924303 6.251209
0.420000 -1.934541 6.377586 9.678554 6.383097
0.430000 -1.980601 6.508363 9.432805 6.514006
0.440000 -2.026662 6.638161 9.187057 6.643934
0.450000 -2.072722 6.766978 8.941308 6.772883
0.460000 -2.118783 6.894815 8.695559 6.900851
0.470000 -2.164843 7.021672 8.449810 7.027840
0.480000 -2.210904 7.147550 8.204062 7.153848
0.490000 -2.256964 7.272447 7.958313 7.278877
0.500000 -2.303025 7.396364 7.712564 7.402925
0.510000 -2.349085 7.519302 7.466816 7.525994
0.520000 -2.395146 7.641259 7.221067 7.648082
0.530000 -2.441206 7.762236 6.975318 7.769191
0.540000 -2.487267 7.882233 6.729569 7.889319
0.550000 -2.533327 8.001251 6.483821 8.008468
0.560000 -2.579388 8.119288 6.238072 8.126636
0.570000 -2.625448 8.236345 5.992323 8.243825
0.580000 -2.671509 8.352423 5.746575 8.360033
0.590000 -2.717569 8.467520 5.500826 8.475262
0.600000 -2.763630 8.581637 5.255077 8.589510
0.610000 -2.809690 8.694774 5.009328 8.702779
0.620000 -2.855751 8.806932 4.763580 8.815067
0.630000 -2.901811 8.918109 4.517831 8.926376
0.640000 -2.947872 9.028306 4.272082 9.036704
0.650000 -2.993932 9.137524 4.026334 9.146053
0.660000 -3.039993 9.245761 3.780585 9.254421
0.670000 -3.086053 9.353018 3.534836 9.361810
0.680000 -3.132114 9.459296 3.289087 9.468218
0.690000 -3.178174 9.564593 3.043339 9.573647
0.700000 -3.224235 9.668910 2.797590 9.678095
0.710000 -3.270295 9.772247 2.551841 9.781564
0.720000 -3.316356 9.874605 2.306093 9.884052
0.730000 -3.362416 9.975982 2.060344 9.985561
0.740000 -3.408477 10.076379 1.814595 10.086089
0.750000 -3.454537 10.175797 1.568847 10.185638
0.760000 -3.500598 10.274234 1.323098 10.284206
0.770000 -3.546658 10.371691 1.077349 10.381795
0.780000 -3.592719 10.468168 0.831600 10.478403
0.790000 -3.638779 10.563666 0.585852 10.574032
0.800000 -3.684840 10.658183 0.340103 10.668680
0.810000 -3.730900 10.751720 0.094354 10.762349
0.820000 -3.776961 10.844278 -0.151394 10.855037
0.830000 -3.823021 10.935855 -0.397143 10.946746
0.840000 -3.869082 11.026452 -0.642892 11.037474
0.850000 -3.915142 11.116069 -0.888641 11.127223
0.860000 -3.961203 11.204707 -1.134389 11.215991
0.870000 -4.007263 11.292364 -1.380138 11.303780
0.880000 -4.053324 11.379041 -1.625887 11.390588
0.890000 -4.099384 11.464739 -1.871635 11.476417
0.900000 -4.145445 11.549456 -2.117384 11.561265
0.910000 -4.191505 11.633193 -2.363133 11.645134
0.920000 -4.237566 11.715950 -2.608882 11.728022
0.930000 -4.283626 11.797728 -2.854630 11.809931
0.940000 -4.329687 11.878525 -3.100379 11.890859
0.950000 -4.375747 11.958342 -3.346128 11.970808
0.960000 -4.421808 12.037180 -3.591876 12.049776
0.970000 -4.467868 12.115037 -3.837625 12.127765
0.980000 -4.513929 12.191914 -4.083374 12.204773
0.990000 -4.559989 12.267811 -4.329123 12.280802
1.000000 -4.606050 12.342729 -4.574871 12.355850
