0.000000 0.200000 0.000000
0.010000 0.200000 -0.072000
0.020000 0.199280 -0.144000
0.030000 0.197840 -0.215741
0.040000 0.195683 -0.286963
0.050000 0.192813 -0.357409
0.060000 0.189239 -0.426822
0.070000 0.184971 -0.494948
0.080000 0.180021 -0.561537
0.090000 0.174406 -0.626345
0.100000 0.168142 -0.689131
0.110000 0.161251 -0.749662
0.120000 0.153754 -0.807712
0.130000 0.145677 -0.863064
0.140000 0.137047 -0.915508
0.150000 0.127892 -0.964845
0.160000 0.118243 -1.010886
0.170000 0.108134 -1.053453
0.180000 0.097600 -1.092381
0.190000 0.086676 -1.127517
0.200000 0.075401 -1.158721
0.210000 0.063814 -1.185865
0.220000 0.051955 -1.208838
0.230000 0.039867 -1.227542
0.240000 0.027591 -1.241894
0.250000 0.015172 -1.251826
0.260000 0.002654 -1.257288
0.270000 -0.009919 -1.258244
0.280000 -0.022501 -1.254673
0.290000 -0.035048 -1.246572
0.300000 -0.047514 -1.233955
0.310000 -0.059853 -1.216850
0.320000 -0.072022 -1.195303
0.330000 -0.083975 -1.169375
0.340000 -0.095669 -1.139144
0.350000 -0.107060 -1.104703
0.360000 -0.118107 -1.066162
0.370000 -0.128769 -1.023643
0.380000 -0.139005 -0.977286
0.390000 -0.148778 -0.927244
0.400000 -0.158051 -0.873684
0.410000 -0.166787 -0.816786
0.420000 -0.174955 -0.756743
0.430000 -0.182523 -0.693759
0.440000 -0.189460 -0.628051
0.450000 -0.195741 -0.559845
0.460000 -0.201339 -0.489378
0.470000 -0.206233 -0.416896
0.480000 -0.210402 -0.342652
0.490000 -0.213828 -0.266908
0.500000 -0.216498 -0.189929
0.510000 -0.218397 -0.111990
0.520000 -0.219517 -0.033367
0.530000 -0.219850 0.045659
0.540000 -0.219394 0.124805
0.550000 -0.218146 0.203787
0.560000 -0.216108 0.282319
0.570000 -0.213285 0.360118
0.580000 -0.209684 0.436900
0.590000 -0.205315 0.512386
0.600000 -0.200191 0.586300
0.610000 -0.194328 0.658368
0.620000 -0.187744 0.728326
0.630000 -0.180461 0.795914
0.640000 -0.172502 0.860880
0.650000 -0.163893 0.922981
0.660000 -0.154663 0.981982
0.670000 -0.144843 1.037661
0.680000 -0.134467 1.089804
0.690000 -0.123569 1.138212
0.700000 -0.112186 1.182697
0.710000 -0.100359 1.223084
0.720000 -0.088129 1.259213
0.730000 -0.075536 1.290940
0.740000 -0.062627 1.318133
0.750000 -0.049446 1.340678
0.760000 -0.036039 1.358479
0.770000 -0.022454 1.371453
0.780000 -0.008740 1.379536
0.790000 0.005056 1.382683
0.800000 0.018883 1.380863
0.810000 0.032691 1.374065
0.820000 0.046432 1.362296
0.830000 0.060055 1.345581
0.840000 0.073511 1.323961
0.850000 0.086750 1.297497
0.860000 0.099725 1.266267
0.870000 0.112388 1.230366
0.880000 0.124692 1.189906
0.890000 0.136591 1.145017
0.900000 0.148041 1.095845
0.910000 0.158999 1.042550
0.920000 0.169425 0.985310
0.930000 0.179278 0.924318
0.940000 0.188521 0.859778
0.950000 0.197119 0.791910
0.960000 0.205038 0.720947
0.970000 0.212247 0.647134
0.980000 0.218719 0.570725
0.990000 0.224426 0.491986
1.000000 0.229346 0.411192
1.010000 0.233458 0.328628
1.020000 0.236744 0.244583
1.030000 0.239190 0.159355
1.040000 0.240783 0.073247
1.050000 0.241516 -0.013435
1.060000 0.241381 -0.100381
1.070000 0.240378 -0.187278
1.080000 0.238505 -0.273814
1.090000 0.235767 -0.359676
1.100000 0.232170 -0.444552
1.110000 0.227724 -0.528133
1.120000 0.222443 -0.610114
1.130000 0.216342 -0.690193
1.140000 0.209440 -0.768076
1.150000 0.201759 -0.843475
1.160000 0.193325 -0.916108
1.170000 0.184163 -0.985705
1.180000 0.174306 -1.052004
1.190000 0.163786 -1.114754
1.200000 0.152639 -1.173717
1.210000 0.140902 -1.228667
1.220000 0.128615 -1.279392
1.230000 0.115821 -1.325693
1.240000 0.102564 -1.367389
1.250000 0.088890 -1.404312
1.260000 0.074847 -1.436312
1.270000 0.060484 -1.463257
1.280000 0.045851 -1.485032
1.290000 0.031001 -1.501538
1.300000 0.015986 -1.512699
1.310000 0.000859 -1.518453
1.320000 -0.014326 -1.518763
1.330000 -0.029513 -1.513605
1.340000 -0.044649 -1.502981
1.350000 -0.059679 -1.486907
1.360000 -0.074548 -1.465422
1.370000 -0.089203 -1.438585
1.380000 -0.103588 -1.406472
1.390000 -0.117653 -1.369180
1.400000 -0.131345 -1.326825
1.410000 -0.144613 -1.279541
1.420000 -0.157409 -1.227480
1.430000 -0.169683 -1.170813
1.440000 -0.181391 -1.109727
1.450000 -0.192489 -1.044426
1.460000 -0.202933 -0.975130
1.470000 -0.212684 -0.902074
1.480000 -0.221705 -0.825508
1.490000 -0.229960 -0.745694
1.500000 -0.237417 -0.662908
1.510000 -0.244046 -0.577438
1.520000 -0.249821 -0.489582
1.530000 -0.254716 -0.399646
1.540000 -0.258713 -0.307948
1.550000 -0.261792 -0.214812
1.560000 -0.263940 -0.120566
1.570000 -0.265146 -0.025548
1.580000 -0.265402 0.069905
1.590000 -0.264703 0.165449
1.600000 -0.263048 0.260742
1.610000 -0.260441 0.355439
1.620000 -0.256886 0.449198
1.630000 -0.252394 0.541677
1.640000 -0.246977 0.632539
1.650000 -0.240652 0.721451
1.660000 -0.233438 0.808086
1.670000 -0.225357 0.892123
1.680000 -0.216435 0.973252
1.690000 -0.206703 1.051168
1.700000 -0.196191 1.125581
1.710000 -0.184935 1.196210
1.720000 -0.172973 1.262787
1.730000 -0.160345 1.325058
1.740000 -0.147095 1.382782
1.750000 -0.133267 1.435736
1.760000 -0.118910 1.483712
1.770000 -0.104073 1.526520
1.780000 -0.088807 1.563986
1.790000 -0.073168 1.595957
1.800000 -0.057208 1.622297
1.810000 -0.040985 1.642892
1.820000 -0.024556 1.657646
1.830000 -0.007980 1.666487
1.840000 0.008685 1.669359
1.850000 0.025379 1.666233
1.860000 0.042041 1.657096
1.870000 0.058612 1.641961
1.880000 0.075032 1.620861
1.890000 0.091240 1.593850
1.900000 0.107179 1.561003
1.910000 0.122789 1.522419
1.920000 0.138013 1.478215
1.930000 0.152795 1.428530
1.940000 0.167080 1.373524
1.950000 0.180816 1.313375
1.960000 0.193949 1.248281
1.970000 0.206432 1.178459
1.980000 0.218217 1.104144
1.990000 0.229258 1.025586
2.000000 0.239514 0.943053
2.010000 0.248945 0.856827
2.020000 0.257513 0.767207
2.030000 0.265185 0.674503
2.040000 0.271930 0.579036
2.050000 0.277720 0.481141
2.060000 0.282532 0.381162
2.070000 0.286343 0.279450
2.080000 0.289138 0.176367
2.090000 0.290902 0.072277
2.100000 0.291624 -0.032447
2.110000 0.291300 -0.137432
2.120000 0.289926 -0.242300
2.130000 0.287503 -0.346673
2.140000 0.284036 -0.450174
2.150000 0.279534 -0.552427
2.160000 0.274010 -0.653060
2.170000 0.267479 -0.751703
2.180000 0.259962 -0.847996
2.190000 0.251482 -0.941582
2.200000 0.242066 -1.032116
2.210000 0.231745 -1.119260
2.220000 0.220553 -1.202688
2.230000 0.208526 -1.282087
2.240000 0.195705 -1.357156
2.250000 0.182133 -1.427610
2.260000 0.167857 -1.493178
2.270000 0.152926 -1.553607
2.280000 0.137389 -1.608660
2.290000 0.121303 -1.658120
2.300000 0.104722 -1.701789
2.310000 0.087704 -1.739489
2.320000 0.070309 -1.771062
2.330000 0.052598 -1.796373
2.340000 0.034635 -1.815309
2.350000 0.016481 -1.827777
2.360000 -0.001796 -1.833710
2.370000 -0.020133 -1.833064
2.380000 -0.038464 -1.825816
2.390000 -0.056722 -1.811969
2.400000 -0.074842 -1.791549
2.410000 -0.092757 -1.764606
2.420000 -0.110403 -1.731213
2.430000 -0.127716 -1.691468
2.440000 -0.144630 -1.645490
2.450000 -0.161085 -1.593423
2.460000 -0.177019 -1.535432
2.470000 -0.192374 -1.471705
2.480000 -0.207091 -1.402451
2.490000 -0.221115 -1.327898
2.500000 -0.234394 -1.248297
2.510000 -0.246877 -1.163915
2.520000 -0.258516 -1.075039
2.530000 -0.269267 -0.981973
2.540000 -0.279087 -0.885037
2.550000 -0.287937 -0.784566
2.560000 -0.295783 -0.680909
2.570000 -0.302592 -0.574427
2.580000 -0.308336 -0.465494
2.590000 -0.312991 -0.354493
2.600000 -0.316536 -0.241816
2.610000 -0.318954 -0.127863
2.620000 -0.320233 -0.013040
2.630000 -0.320363 0.102244
2.640000 -0.319341 0.217574
2.650000 -0.317165 0.332537
2.660000 -0.313839 0.446716
2.670000 -0.309372 0.559698
2.680000 -0.303775 0.671073
2.690000 -0.297065 0.780432
2.700000 -0.289260 0.887375
2.710000 -0.280386 0.991509
2.720000 -0.270471 1.092448
2.730000 -0.259547 1.189817
2.740000 -0.247649 1.283254
2.750000 -0.234816 1.372408
2.760000 -0.221092 1.456942
2.770000 -0.206523 1.536535
2.780000 -0.191157 1.610883
2.790000 -0.175049 1.679700
2.800000 -0.158252 1.742717
2.810000 -0.140824 1.799688
2.820000 -0.122827 1.850384
2.830000 -0.104324 1.894602
2.840000 -0.085378 1.932159
2.850000 -0.066056 1.962895
2.860000 -0.046427 1.986675
2.870000 -0.026560 2.003389
2.880000 -0.006526 2.012950
2.890000 0.013603 2.015300
2.900000 0.033756 2.010403
2.910000 0.053860 1.998251
2.920000 0.073843 1.978861
2.930000 0.093631 1.952278
2.940000 0.113154 1.918570
2.950000 0.132340 1.877835
2.960000 0.151118 1.830193
2.970000 0.169420 1.775790
2.980000 0.187178 1.714799
2.990000 0.204326 1.647415
3.000000 0.220800 1.573858
3.010000 0.236539 1.494370
3.020000 0.251482 1.409216
3.030000 0.265574 1.318682
3.040000 0.278761 1.223075
3.050000 0.290992 1.122721
3.060000 0.302219 1.017964
3.070000 0.312399 0.909165
3.080000 0.321491 0.796702
3.090000 0.329458 0.680965
3.100000 0.336267 0.562360
3.110000 0.341891 0.441304
3.120000 0.346304 0.318224
3.130000 0.349486 0.193554
3.140000 0.351422 0.067739
3.150000 0.352099 -0.058773
3.160000 0.351511 -0.185528
3.170000 0.349656 -0.312072
3.180000 0.346535 -0.437948
3.190000 0.342156 -0.562701
3.200000 0.336529 -0.685877
3.210000 0.329670 -0.807028
3.220000 0.321600 -0.925709
3.230000 0.312343 -1.041485
3.240000 0.301928 -1.153928
3.250000 0.290389 -1.262622
3.260000 0.277762 -1.367162
3.270000 0.264091 -1.467156
3.280000 0.249419 -1.562229
3.290000 0.233797 -1.652020
3.300000 0.217277 -1.736187
3.310000 0.199915 -1.814406
3.320000 0.181771 -1.886376
3.330000 0.162907 -1.951813
3.340000 0.143389 -2.010460
3.350000 0.123284 -2.062080
3.360000 0.102663 -2.106462
3.370000 0.081599 -2.143421
3.380000 0.060165 -2.172796
3.390000 0.038437 -2.194455
3.400000 0.016492 -2.208293
3.410000 -0.005591 -2.214230
3.420000 -0.027733 -2.212217
3.430000 -0.049855 -2.202233
3.440000 -0.071878 -2.184285
3.450000 -0.093721 -2.158409
3.460000 -0.115305 -2.124670
3.470000 -0.136551 -2.083160
3.480000 -0.157383 -2.034002
3.490000 -0.177723 -1.977344
3.500000 -0.197496 -1.913364
3.510000 -0.216630 -1.842265
3.520000 -0.235053 -1.764278
3.530000 -0.252695 -1.679659
3.540000 -0.269492 -1.588689
3.550000 -0.285379 -1.491672
3.560000 -0.300296 -1.388935
3.570000 -0.314185 -1.280829
3.580000 -0.326993 -1.167722
3.590000 -0.338670 -1.050005
3.600000 -0.349171 -0.928083
3.610000 -0.358451 -0.802382
3.620000 -0.366475 -0.673339
3.630000 -0.373209 -0.541408
3.640000 -0.378623 -0.407053
3.650000 -0.382693 -0.270749
3.660000 -0.385401 -0.132980
3.670000 -0.386730 0.005765
3.680000 -0.386673 0.144988
3.690000 -0.385223 0.284190
3.700000 -0.382381 0.422870
3.710000 -0.378152 0.560527
3.720000 -0.372547 0.696662
3.730000 -0.365580 0.830779
3.740000 -0.357273 0.962388
3.750000 -0.347649 1.091006
3.760000 -0.336739 1.216160
3.770000 -0.324577 1.337386
3.780000 -0.311203 1.454234
3.790000 -0.296661 1.566267
3.800000 -0.280998 1.673065
3.810000 -0.264268 1.774224
3.820000 -0.246525 1.869360
3.830000 -0.227832 1.958110
3.840000 -0.208251 2.040129
3.850000 -0.187849 2.115099
3.860000 -0.166698 2.182725
3.870000 -0.144871 2.242736
3.880000 -0.122444 2.294890
3.890000 -0.099495 2.338970
3.900000 -0.076105 2.374788
3.910000 -0.052357 2.402186
3.920000 -0.028335 2.421035
3.930000 -0.004125 2.431235
3.940000 0.020187 2.432720
3.950000 0.044514 2.425453
3.960000 0.068769 2.409428
3.970000 0.092863 2.384671
3.980000 0.116710 2.351240
3.990000 0.140222 2.309225
4.000000 0.163315 2.258744
4.010000 0.185902 2.199951
4.020000 0.207902 2.133026
4.030000 0.229232 2.058182
4.040000 0.249814 1.975658
4.050000 0.269570 1.885726
4.060000 0.288427 1.788680
4.070000 0.306314 1.684846
4.080000 0.323163 1.574573
4.090000 0.338908 1.458235
4.100000 0.353491 1.336228
4.110000 0.366853 1.208971
4.120000 0.378943 1.076904
4.130000 0.389712 0.940484
4.140000 0.399117 0.800188
4.150000 0.407119 0.656506
4.160000 0.413684 0.509943
4.170000 0.418783 0.361017
4.180000 0.422393 0.210255
4.190000 0.424496 0.058194
4.200000 0.425078 -0.094625
4.210000 0.424131 -0.247653
4.220000 0.421655 -0.400340
4.230000 0.417652 -0.552136
4.240000 0.412130 -0.702490
4.250000 0.405105 -0.850857
4.260000 0.396597 -0.996695
4.270000 0.386630 -1.139470
4.280000 0.375235 -1.278657
4.290000 0.362449 -1.413741
4.300000 0.348311 -1.544223
4.310000 0.332869 -1.669615
4.320000 0.316173 -1.789448
4.330000 0.298278 -1.903270
4.340000 0.279246 -2.010650
4.350000 0.259139 -2.111178
4.360000 0.238027 -2.204468
4.370000 0.215983 -2.290158
4.380000 0.193081 -2.367912
4.390000 0.169402 -2.437421
4.400000 0.145028 -2.498406
4.410000 0.120044 -2.550616
4.420000 0.094537 -2.593831
4.430000 0.068599 -2.627865
4.440000 0.042320 -2.652561
4.450000 0.015795 -2.667796
4.460000 -0.010883 -2.673482
4.470000 -0.037618 -2.669564
4.480000 -0.064314 -2.656022
4.490000 -0.090874 -2.632869
4.500000 -0.117202 -2.600154
4.510000 -0.143204 -2.557961
4.520000 -0.168784 -2.506408
4.530000 -0.193848 -2.445646
4.540000 -0.218304 -2.375861
4.550000 -0.242063 -2.297271
4.560000 -0.265035 -2.210129
4.570000 -0.287137 -2.114716
4.580000 -0.308284 -2.011347
4.590000 -0.328397 -1.900364
4.600000 -0.347401 -1.782141
4.610000 -0.365222 -1.657077
4.620000 -0.381793 -1.525597
4.630000 -0.397049 -1.388151
4.640000 -0.410931 -1.245214
4.650000 -0.423383 -1.097279
4.660000 -0.434356 -0.944861
4.670000 -0.443804 -0.788493
4.680000 -0.451689 -0.628723
4.690000 -0.457976 -0.466115
4.700000 -0.462638 -0.301244
4.710000 -0.465650 -0.134694
4.720000 -0.466997 0.032940
4.730000 -0.466668 0.201059
4.740000 -0.464657 0.369059
4.750000 -0.460966 0.536335
4.760000 -0.455603 0.702283
4.770000 -0.448580 0.866300
4.780000 -0.439917 1.027789
4.790000 -0.429639 1.186159
4.800000 -0.417778 1.340830
4.810000 -0.404369 1.491230
4.820000 -0.389457 1.636802
4.830000 -0.373089 1.777007
4.840000 -0.355319 1.911319
4.850000 -0.336206 2.039234
4.860000 -0.315813 2.160268
4.870000 -0.294211 2.273961
4.880000 -0.271471 2.379877
4.890000 -0.247672 2.477606
4.900000 -0.222896 2.566768
4.910000 -0.197229 2.647011
4.920000 -0.170759 2.718013
4.930000 -0.143578 2.779486
4.940000 -0.115784 2.831175
4.950000 -0.087472 2.872857
4.960000 -0.058743 2.904347
4.970000 -0.029700 2.925494
4.980000 -0.000445 2.936186
4.990000 0.028917 2.936346
5.000000 0.058281 2.925936
5.010000 0.087540 2.904955
5.020000 0.116589 2.873441
5.030000 0.145324 2.831469
5.040000 0.173639 2.779152
5.050000 0.201430 2.716642
5.060000 0.228596 2.644127
5.070000 0.255038 2.561833
5.080000 0.280656 2.470019
5.090000 0.305356 2.368983
5.100000 0.329046 2.259055
5.110000 0.351637 2.140598
5.120000 0.373043 2.014009
5.130000 0.393183 1.879713
5.140000 0.411980 1.738168
5.150000 0.429361 1.589855
5.160000 0.445260 1.435285
5.170000 0.459613 1.274991
5.180000 0.472363 1.109531
5.190000 0.483458 0.939480
5.200000 0.492853 0.765435
5.210000 0.500507 0.588008
5.220000 0.506387 0.407825
5.230000 0.510466 0.225526
5.240000 0.512721 0.041758
5.250000 0.513138 -0.142821
5.260000 0.511710 -0.327551
5.270000 0.508435 -0.511767
5.280000 0.503317 -0.694803
5.290000 0.496369 -0.875997
5.300000 0.487609 -1.054690
5.310000 0.477062 -1.230229
5.320000 0.464760 -1.401972
5.330000 0.450740 -1.569285
5.340000 0.435047 -1.731552
5.350000 0.417732 -1.888169
5.360000 0.398850 -2.038552
5.370000 0.378465 -2.182138
5.380000 0.356643 -2.318386
5.390000 0.333459 -2.446777
5.400000 0.308992 -2.566822
5.410000 0.283323 -2.678059
5.420000 0.256543 -2.780056
5.430000 0.228742 -2.872411
5.440000 0.200018 -2.954758
5.450000 0.170470 -3.026765
5.460000 0.140203 -3.088134
5.470000 0.109321 -3.138607
5.480000 0.077935 -3.177963
5.490000 0.046156 -3.206020
5.500000 0.014096 -3.222636
5.510000 -0.018131 -3.227710
5.520000 -0.050408 -3.221183
5.530000 -0.082620 -3.203036
5.540000 -0.114650 -3.173293
5.550000 -0.146383 -3.132019
5.560000 -0.177703 -3.079321
5.570000 -0.208496 -3.015348
5.580000 -0.238650 -2.940289
5.590000 -0.268053 -2.854375
5.600000 -0.296597 -2.757876
5.610000 -0.324175 -2.651102
5.620000 -0.350686 -2.534399
5.630000 -0.376030 -2.408151
5.640000 -0.400112 -2.272781
5.650000 -0.422840 -2.128740
5.660000 -0.444127 -1.976518
5.670000 -0.463892 -1.816632
5.680000 -0.482059 -1.649631
5.690000 -0.498555 -1.476090
5.700000 -0.513316 -1.296610
5.710000 -0.526282 -1.111817
5.720000 -0.537400 -0.922355
5.730000 -0.546624 -0.728891
5.740000 -0.553912 -0.532107
5.750000 -0.559234 -0.332698
5.760000 -0.562561 -0.131374
5.770000 -0.563874 0.071148
5.780000 -0.563163 0.274142
5.790000 -0.560421 0.476881
5.800000 -0.555653 0.678633
5.810000 -0.548866 0.878668
5.820000 -0.540080 1.076259
5.830000 -0.529317 1.270688
5.840000 -0.516610 1.461242
5.850000 -0.501998 1.647222
5.860000 -0.485525 1.827941
5.870000 -0.467246 2.002730
5.880000 -0.447219 2.170939
5.890000 -0.425509 2.331937
5.900000 -0.402190 2.485121
5.910000 -0.377339 2.629909
5.920000 -0.351040 2.765751
5.930000 -0.323382 2.892125
5.940000 -0.294461 3.008543
5.950000 -0.264375 3.114549
5.960000 -0.233230 3.209724
5.970000 -0.201133 3.293687
5.980000 -0.168196 3.366095
5.990000 -0.134535 3.426645
6.000000 -0.100268 3.475078
6.010000 -0.065518 3.511174
6.020000 -0.030406 3.534761
6.030000 0.004942 3.545707
6.040000 0.040399 3.543928
6.050000 0.075838 3.529384
6.060000 0.111132 3.502083
6.070000 0.146153 3.462075
6.080000 0.180773 3.409460
6.090000 0.214868 3.344382
6.100000 0.248312 3.267029
6.110000 0.280982 3.177637
6.120000 0.312759 3.076483
6.130000 0.343523 2.963890
6.140000 0.373162 2.840222
6.150000 0.401564 2.705884
6.160000 0.428623 2.561320
6.170000 0.454237 2.407016
6.180000 0.478307 2.243491
6.190000 0.500742 2.071300
6.200000 0.521455 1.891033
6.210000 0.540365 1.703310
6.220000 0.557398 1.508778
6.230000 0.572486 1.308115
6.240000 0.585567 1.102020
6.250000 0.596587 0.891216
6.260000 0.605499 0.676445
6.270000 0.612264 0.458465
6.280000 0.616848 0.238050
6.290000 0.619229 0.015985
6.300000 0.619389 -0.206938
6.310000 0.617319 -0.429918
6.320000 0.613020 -0.652153
6.330000 0.606499 -0.872840
6.340000 0.597770 -1.091180
6.350000 0.586858 -1.306377
6.360000 0.573795 -1.517646
6.370000 0.558618 -1.724212
6.380000 0.541376 -1.925315
6.390000 0.522123 -2.120210
6.400000 0.500921 -2.308174
6.410000 0.477839 -2.488506
6.420000 0.452954 -2.660528
6.430000 0.426349 -2.823591
6.440000 0.398113 -2.977077
6.450000 0.368342 -3.120398
6.460000 0.337138 -3.253001
6.470000 0.304608 -3.374370
6.480000 0.270864 -3.484029
6.490000 0.236024 -3.581541
6.500000 0.200209 -3.666509
6.510000 0.163544 -3.738584
6.520000 0.126158 -3.797460
6.530000 0.088183 -3.842877
6.540000 0.049754 -3.874623
6.550000 0.011008 -3.892535
6.560000 -0.027917 -3.896497
6.570000 -0.066882 -3.886447
6.580000 -0.105747 -3.862370
6.590000 -0.144370 -3.824301
6.600000 -0.182613 -3.772328
6.610000 -0.220337 -3.706587
6.620000 -0.257402 -3.627266
6.630000 -0.293675 -3.534601
6.640000 -0.329021 -3.428878
6.650000 -0.363310 -3.310430
6.660000 -0.396414 -3.179639
6.670000 -0.428211 -3.036930
6.680000 -0.458580 -2.882774
6.690000 -0.487408 -2.717685
6.700000 -0.514584 -2.542218
6.710000 -0.540007 -2.356968
6.720000 -0.563576 -2.162566
6.730000 -0.585202 -1.959678
6.740000 -0.604799 -1.749005
6.750000 -0.622289 -1.531278
6.760000 -0.637602 -1.307254
6.770000 -0.650674 -1.077717
6.780000 -0.661451 -0.843475
6.790000 -0.669886 -0.605352
6.800000 -0.675940 -0.364193
6.810000 -0.679581 -0.120855
6.820000 -0.680790 0.123794
6.830000 -0.679552 0.368879
6.840000 -0.675863 0.613518
6.850000 -0.669728 0.856828
6.860000 -0.661160 1.097931
6.870000 -0.650181 1.335948
6.880000 -0.636821 1.570013
6.890000 -0.621121 1.799269
6.900000 -0.603128 2.022872
6.910000 -0.582900 2.239998
6.920000 -0.560500 2.449842
6.930000 -0.536001 2.651622
6.940000 -0.509485 2.844582
6.950000 -0.481039 3.027997
6.960000 -0.450759 3.201171
6.970000 -0.418747 3.363444
6.980000 -0.385113 3.514193
6.990000 -0.349971 3.652834
7.000000 -0.313443 3.778824
7.010000 -0.275654 3.891663
7.020000 -0.236738 3.990899
7.030000 -0.196829 4.076124
7.040000 -0.156068 4.146983
7.050000 -0.114598 4.203167
7.060000 -0.072566 4.244422
7.070000 -0.030122 4.270546
7.080000 0.012584 4.281390
7.090000 0.055397 4.276860
7.100000 0.098166 4.256917
7.110000 0.140735 4.221577
7.120000 0.182951 4.170912
7.130000 0.224660 4.105050
7.140000 0.265711 4.024172
7.150000 0.305952 3.928516
7.160000 0.345238 3.818373
7.170000 0.383421 3.694088
7.180000 0.420362 3.556056
7.190000 0.455923 3.404726
7.200000 0.489970 3.240594
7.210000 0.522376 3.064204
7.220000 0.553018 2.876149
7.230000 0.581779 2.677063
7.240000 0.608550 2.467622
7.250000 0.633226 2.248544
7.260000 0.655712 2.020583
7.270000 0.675918 1.784526
7.280000 0.693763 1.541196
7.290000 0.709175 1.291441
7.300000 0.722089 1.036139
7.310000 0.732451 0.776186
7.320000 0.740212 0.512504
7.330000 0.745337 0.246028
7.340000 0.747798 -0.022294
7.350000 0.747575 -0.291501
7.360000 0.744660 -0.560628
7.370000 0.739054 -0.828705
7.380000 0.730766 -1.094765
7.390000 0.719819 -1.357841
7.400000 0.706240 -1.616975
7.410000 0.690071 -1.871222
7.420000 0.671358 -2.119647
7.430000 0.650162 -2.361336
7.440000 0.626549 -2.595395
7.450000 0.600595 -2.820952
7.460000 0.572385 -3.037166
7.470000 0.542013 -3.243225
7.480000 0.509581 -3.438350
7.490000 0.475198 -3.621799
7.500000 0.438980 -3.792870
7.510000 0.401051 -3.950903
7.520000 0.361542 -4.095281
7.530000 0.320589 -4.225436
7.540000 0.278335 -4.340849
7.550000 0.234926 -4.441049
7.560000 0.190516 -4.525623
7.570000 0.145260 -4.594208
7.580000 0.099318 -4.646502
7.590000 0.052853 -4.682256
7.600000 0.006030 -4.701283
7.610000 -0.040983 -4.703454
7.620000 -0.088017 -4.688700
7.630000 -0.134904 -4.657014
7.640000 -0.181475 -4.608448
7.650000 -0.227559 -4.543117
7.660000 -0.272990 -4.461196
7.670000 -0.317602 -4.362920
7.680000 -0.361231 -4.248583
7.690000 -0.403717 -4.118539
7.700000 -0.444903 -3.973201
7.710000 -0.484635 -3.813036
7.720000 -0.522765 -3.638568
7.730000 -0.559151 -3.450373
7.740000 -0.593654 -3.249078
7.750000 -0.626145 -3.035363
7.760000 -0.656499 -2.809951
7.770000 -0.684598 -2.573611
7.780000 -0.710334 -2.327156
7.790000 -0.733606 -2.071435
7.800000 -0.754320 -1.807337
7.810000 -0.772394 -1.535782
7.820000 -0.787751 -1.257720
7.830000 -0.800329 -0.974130
7.840000 -0.810070 -0.686011
7.850000 -0.816930 -0.394386
7.860000 -0.820874 -0.100291
7.870000 -0.821877 0.195223
7.880000 -0.819925 0.491099
7.890000 -0.815014 0.786272
7.900000 -0.807151 1.079677
7.910000 -0.796354 1.370251
7.920000 -0.782652 1.656939
7.930000 -0.766082 1.938693
7.940000 -0.746695 2.214483
7.950000 -0.724550 2.483293
7.960000 -0.699718 2.744131
7.970000 -0.672276 2.996030
7.980000 -0.642316 3.238049
7.990000 -0.609935 3.469283
8.000000 -0.575243 3.688860
8.010000 -0.538354 3.895947
8.020000 -0.499395 4.089754
8.030000 -0.458497 4.269536
8.040000 -0.415802 4.434595
8.050000 -0.371456 4.584284
8.060000 -0.325613 4.718008
8.070000 -0.278433 4.835229
8.080000 -0.230080 4.935464
8.090000 -0.180726 5.018293
8.100000 -0.130543 5.083355
8.110000 -0.079709 5.130350
8.120000 -0.028406 5.159045
8.130000 0.023185 5.169272
8.140000 0.074877 5.160925
8.150000 0.126487 5.133969
8.160000 0.177826 5.088434
8.170000 0.228711 5.024417
8.180000 0.278955 4.942081
8.190000 0.328376 4.841657
8.200000 0.376792 4.723442
8.210000 0.424027 4.587797
8.220000 0.469905 4.435147
8.230000 0.514256 4.265982
8.240000 0.556916 4.080849
8.250000 0.597724 3.880360
8.260000 0.636528 3.665179
8.270000 0.673180 3.436029
8.280000 0.707540 3.193684
8.290000 0.739477 2.938970
8.300000 0.768867 2.672758
8.310000 0.795594 2.395966
8.320000 0.819554 2.109552
8.330000 0.840649 1.814513
8.340000 0.858794 1.511879
8.350000 0.873913 1.202713
8.360000 0.885940 0.888105
8.370000 0.894821 0.569166
8.380000 0.900513 0.247030
8.390000 0.902983 -0.077154
8.400000 0.902212 -0.402228
8.410000 0.898190 -0.727025
8.420000 0.890919 -1.050373
8.430000 0.880416 -1.371104
8.440000 0.866705 -1.688053
8.450000 0.849824 -2.000067
8.460000 0.829823 -2.306004
8.470000 0.806763 -2.604740
8.480000 0.780716 -2.895175
8.490000 0.751764 -3.176233
8.500000 0.720002 -3.446868
8.510000 0.685533 -3.706068
8.520000 0.648472 -3.952860
8.530000 0.608944 -4.186310
8.540000 0.567081 -4.405530
8.550000 0.523025 -4.609679
8.560000 0.476929 -4.797968
8.570000 0.428949 -4.969663
8.580000 0.379252 -5.124084
8.590000 0.328011 -5.260615
8.600000 0.275405 -5.378699
8.610000 0.221618 -5.477845
8.620000 0.166840 -5.557628
8.630000 0.111264 -5.617690
8.640000 0.055087 -5.657745
8.650000 -0.001491 -5.677576
8.660000 -0.058267 -5.677040
8.670000 -0.115037 -5.656064
8.680000 -0.171598 -5.614650
8.690000 -0.227744 -5.552875
8.700000 -0.283273 -5.470887
8.710000 -0.337982 -5.368909
8.720000 -0.391671 -5.247236
8.730000 -0.444143 -5.106234
8.740000 -0.495205 -4.946343
8.750000 -0.544669 -4.768069
8.760000 -0.592350 -4.571988
8.770000 -0.638069 -4.358742
8.780000 -0.681657 -4.129037
8.790000 -0.722947 -3.883641
8.800000 -0.761784 -3.623380
8.810000 -0.798017 -3.349138
8.820000 -0.831509 -3.061851
8.830000 -0.862127 -2.762508
8.840000 -0.889752 -2.452142
8.850000 -0.914274 -2.131831
8.860000 -0.935592 -1.802693
8.870000 -0.953619 -1.465880
8.880000 -0.968278 -1.122577
8.890000 -0.979504 -0.773997
8.900000 -0.987244 -0.421375
8.910000 -0.991457 -0.065968
8.920000 -0.992117 0.290957
8.930000 -0.989207 0.648119
8.940000 -0.982726 1.004234
8.950000 -0.972684 1.358015
8.960000 -0.959104 1.708181
8.970000 -0.942022 2.053459
8.980000 -0.921487 2.392587
8.990000 -0.897562 2.724322
9.000000 -0.870318 3.047444
9.010000 -0.839844 3.360759
9.020000 -0.806236 3.663103
9.030000 -0.769605 3.953348
9.040000 -0.730072 4.230406
9.050000 -0.687768 4.493232
9.060000 -0.642835 4.740828
9.070000 -0.595427 4.972249
9.080000 -0.545705 5.186602
9.090000 -0.493839 5.383056
9.100000 -0.440008 5.560838
9.110000 -0.384400 5.719241
9.120000 -0.327207 5.857625
9.130000 -0.268631 5.975419
9.140000 -0.208877 6.072127
9.150000 -0.148156 6.147322
9.160000 -0.086682 6.200658
9.170000 -0.024676 6.231864
9.180000 0.037643 6.240747
9.190000 0.100050 6.227196
9.200000 0.162322 6.191178
9.210000 0.224234 6.132741
9.220000 0.285562 6.052017
9.230000 0.346082 5.949215
9.240000 0.405574 5.824626
9.250000 0.463820 5.678619
9.260000 0.520606 5.511644
9.270000 0.575723 5.324226
9.280000 0.628965 5.116965
9.290000 0.680135 4.890538
9.300000 0.729040 4.645690
9.310000 0.775497 4.383235
9.320000 0.819329 4.104056
9.330000 0.860370 3.809098
9.340000 0.898461 3.499365
9.350000 0.933454 3.175919
9.360000 0.965214 2.839875
9.370000 0.993612 2.492398
9.380000 1.018536 2.134698
9.390000 1.039883 1.768025
9.400000 1.057564 1.393667
9.410000 1.071500 1.012944
9.420000 1.081630 0.627204
9.430000 1.087902 0.237817
9.440000 1.090280 -0.153828
9.450000 1.088742 -0.546328
9.460000 1.083278 -0.938275
9.470000 1.073896 -1.328256
9.480000 1.060613 -1.714858
9.490000 1.043464 -2.096679
9.500000 1.022498 -2.472326
9.510000 0.997774 -2.840425
9.520000 0.969370 -3.199624
9.530000 0.937374 -3.548597
9.540000 0.901888 -3.886052
9.550000 0.863027 -4.210731
9.560000 0.820920 -4.521421
9.570000 0.775706 -4.816952
9.580000 0.727536 -5.096207
9.590000 0.676574 -5.358120
9.600000 0.622993 -5.601686
9.610000 0.566976 -5.825964
9.620000 0.508717 -6.030075
9.630000 0.448416 -6.213213
9.640000 0.386284 -6.374643
9.650000 0.322537 -6.513705
9.660000 0.257400 -6.629819
9.670000 0.191102 -6.722483
9.680000 0.123877 -6.791279
9.690000 0.055964 -6.835875
9.700000 -0.012394 -6.856022
9.710000 -0.080955 -6.851560
9.720000 -0.149470 -6.822417
9.730000 -0.217694 -6.768608
9.740000 -0.285380 -6.690238
9.750000 -0.352283 -6.587501
9.760000 -0.418158 -6.460679
9.770000 -0.482765 -6.310142
9.780000 -0.545866 -6.136347
9.790000 -0.607229 -5.939835
9.800000 -0.666628 -5.721233
9.810000 -0.723840 -5.481247
9.820000 -0.778653 -5.220664
9.830000 -0.830859 -4.940349
9.840000 -0.880263 -4.641240
9.850000 -0.926675 -4.324345
9.860000 -0.969919 -3.990742
9.870000 -1.009826 -3.641571
9.880000 -1.046242 -3.278034
9.890000 -1.079022 -2.901387
9.900000 -1.108036 -2.512939
9.910000 -1.133165 -2.114046
9.920000 -1.154306 -1.706107
9.930000 -1.171367 -1.290557
9.940000 -1.184272 -0.868865
9.950000 -1.192961 -0.442526
9.960000 -1.197386 -0.013061
9.970000 -1.197517 0.417999
9.980000 -1.193337 0.849105
9.990000 -1.184846 1.278706
10.000000 -1.172059 1.705250
