0.000000 1.000000 0.000000
0.001667 0.998333 1.000000
0.003333 0.996669 0.998333
0.005000 0.995008 0.996669
0.006667 0.993350 0.995008
0.008333 0.991694 0.993350
0.010000 0.990042 0.991694
0.011667 0.988392 0.990042
0.013333 0.986744 0.988392
0.015000 0.985100 0.986744
0.016667 0.983458 0.985100
0.018333 0.981819 0.983458
0.020000 0.980182 0.981819
0.021667 0.978549 0.980182
0.023333 0.976918 0.978549
0.025000 0.975290 0.976918
0.026667 0.973664 0.975290
0.028333 0.972041 0.973664
0.030000 0.970421 0.972041
0.031667 0.968804 0.970421
0.033333 0.967189 0.968804
0.035000 0.965577 0.967189
0.036667 0.963968 0.965577
0.038333 0.962361 0.963968
0.040000 0.960757 0.962361
0.041667 0.959156 0.960757
0.043333 0.957558 0.959156
0.045000 0.955962 0.957558
0.046667 0.954368 0.955962
0.048333 0.952778 0.954368
0.050000 0.951190 0.952778
0.051667 0.949604 0.951190
0.053333 0.948022 0.949604
0.055000 0.946442 0.948022
0.056667 0.944864 0.946442
0.058333 0.943290 0.944864
0.060000 0.941717 0.943290
0.061667 0.940148 0.941717
0.063333 0.938581 0.940148
0.065000 0.937017 0.938581
0.066667 0.935455 0.937017
0.068333 0.933896 0.935455
0.070000 0.932339 0.933896
0.071667 0.930785 0.932339
0.073333 0.929234 0.930785
0.075000 0.927685 0.929234
0.076667 0.926139 0.927685
0.078333 0.924596 0.926139
0.080000 0.923055 0.924596
0.081667 0.921516 0.923055
0.083333 0.919980 0.921516
0.085000 0.918447 0.919980
0.086667 0.916916 0.918447
0.088333 0.915388 0.916916
0.090000 0.913863 0.915388
0.091667 0.912339 0.913863
0.093333 0.910819 0.912339
0.095000 0.909301 0.910819
0.096667 0.907785 0.909301
0.098333 0.906272 0.907785
0.100000 0.904762 0.906272
0.101667 0.903254 0.904762
0.103333 0.901749 0.903254
0.105000 0.900246 0.901749
0.106667 0.898745 0.900246
0.108333 0.897247 0.898745
0.110000 0.895752 0.897247
0.111667 0.894259 0.895752
0.113333 0.892769 0.894259
0.115000 0.891281 0.892769
0.116667 0.889795 0.891281
0.118333 0.888312 0.889795
0.120000 0.886832 0.888312
0.121667 0.885354 0.886832
0.123333 0.883878 0.885354
0.125000 0.882405 0.883878
0.126667 0.880934 0.882405
0.128333 0.879466 0.880934
0.130000 0.878000 0.879466
0.131667 0.876537 0.878000
0.133333 0.875076 0.876537
0.135000 0.873618 0.875076
0.136667 0.872161 0.873618
0.138333 0.870708 0.872161
0.140000 0.869257 0.870708
0.141667 0.867808 0.869257
0.143333 0.866362 0.867808
0.145000 0.864918 0.866362
0.146667 0.863476 0.864918
0.148333 0.862037 0.863476
0.150000 0.860600 0.862037
0.151667 0.859166 0.860600
0.153333 0.857734 0.859166
0.155000 0.856304 0.857734
0.156667 0.854877 0.856304
0.158333 0.853452 0.854877
0.160000 0.852030 0.853452
0.161667 0.850610 0.852030
0.163333 0.849192 0.850610
0.165000 0.847777 0.849192
0.166667 0.846364 0.847777
0.168333 0.844953 0.846364
0.170000 0.843545 0.844953
0.171667 0.842139 0.843545
0.173333 0.840736 0.842139
0.175000 0.839334 0.840736
0.176667 0.837936 0.839334
0.178333 0.836539 0.837936
0.180000 0.835145 0.836539
0.181667 0.833753 0.835145
0.183333 0.832363 0.833753
0.185000 0.830976 0.832363
0.186667 0.829591 0.830976
0.188333 0.828208 0.829591
0.190000 0.826828 0.828208
0.191667 0.825450 0.826828
0.193333 0.824074 0.825450
0.195000 0.822701 0.824074
0.196667 0.821330 0.822701
0.198333 0.819961 0.821330
0.200000 0.818594 0.819961
0.201667 0.817230 0.818594
0.203333 0.815868 0.817230
0.205000 0.814508 0.815868
0.206667 0.813150 0.814508
0.208333 0.811795 0.813150
0.210000 0.810442 0.811795
0.211667 0.809092 0.810442
0.213333 0.807743 0.809092
0.215000 0.806397 0.807743
0.216667 0.805053 0.806397
0.218333 0.803711 0.805053
0.220000 0.802372 0.803711
0.221667 0.801034 0.802372
0.223333 0.799699 0.801034
0.225000 0.798366 0.799699
0.226667 0.797036 0.798366
0.228333 0.795707 0.797036
0.230000 0.794381 0.795707
0.231667 0.793057 0.794381
0.233333 0.791735 0.793057
0.235000 0.790416 0.791735
0.236667 0.789099 0.790416
0.238333 0.787783 0.789099
0.240000 0.786470 0.787783
0.241667 0.785160 0.786470
0.243333 0.783851 0.785160
0.245000 0.782545 0.783851
0.246667 0.781240 0.782545
0.248333 0.779938 0.781240
0.250000 0.778638 0.779938
0.251667 0.777341 0.778638
0.253333 0.776045 0.777341
0.255000 0.774752 0.776045
0.256667 0.773460 0.774752
0.258333 0.772171 0.773460
0.260000 0.770884 0.772171
0.261667 0.769600 0.770884
0.263333 0.768317 0.769600
0.265000 0.767036 0.768317
0.266667 0.765758 0.767036
0.268333 0.764482 0.765758
0.270000 0.763208 0.764482
0.271667 0.761936 0.763208
0.273333 0.760666 0.761936
0.275000 0.759398 0.760666
0.276667 0.758132 0.759398
0.278333 0.756869 0.758132
0.280000 0.755607 0.756869
0.281667 0.754348 0.755607
0.283333 0.753091 0.754348
0.285000 0.751835 0.753091
0.286667 0.750582 0.751835
0.288333 0.749331 0.750582
0.290000 0.748083 0.749331
0.291667 0.746836 0.748083
0.293333 0.745591 0.746836
0.295000 0.744348 0.745591
0.296667 0.743108 0.744348
0.298333 0.741869 0.743108
0.300000 0.740633 0.741869
0.301667 0.739398 0.740633
0.303333 0.738166 0.739398
0.305000 0.736936 0.738166
0.306667 0.735708 0.736936
0.308333 0.734481 0.735708
0.310000 0.733257 0.734481
0.311667 0.732035 0.733257
0.313333 0.730815 0.732035
0.315000 0.729597 0.730815
0.316667 0.728381 0.729597
0.318333 0.727167 0.728381
0.320000 0.725955 0.727167
0.321667 0.724745 0.725955
0.323333 0.723537 0.724745
0.325000 0.722331 0.723537
0.326667 0.721128 0.722331
0.328333 0.719926 0.721128
0.330000 0.718726 0.719926
0.331667 0.717528 0.718726
0.333333 0.716332 0.717528
0.335000 0.715138 0.716332
0.336667 0.713946 0.715138
0.338333 0.712756 0.713946
0.340000 0.711568 0.712756
0.341667 0.710383 0.711568
0.343333 0.709199 0.710383
0.345000 0.708017 0.709199
0.346667 0.706837 0.708017
0.348333 0.705658 0.706837
0.350000 0.704482 0.705658
0.351667 0.703308 0.704482
0.353333 0.702136 0.703308
0.355000 0.700966 0.702136
0.356667 0.699798 0.700966
0.358333 0.698631 0.699798
0.360000 0.697467 0.698631
0.361667 0.696304 0.697467
0.363333 0.695144 0.696304
0.365000 0.693985 0.695144
0.366667 0.692829 0.693985
0.368333 0.691674 0.692829
0.370000 0.690521 0.691674
0.371667 0.689370 0.690521
0.373333 0.688221 0.689370
0.375000 0.687074 0.688221
0.376667 0.685929 0.687074
0.378333 0.684786 0.685929
0.380000 0.683645 0.684786
0.381667 0.682505 0.683645
0.383333 0.681368 0.682505
0.385000 0.680232 0.681368
0.386667 0.679098 0.680232
0.388333 0.677967 0.679098
0.390000 0.676837 0.677967
0.391667 0.675709 0.676837
0.393333 0.674582 0.675709
0.395000 0.673458 0.674582
0.396667 0.672336 0.673458
0.398333 0.671215 0.672336
0.400000 0.670096 0.671215
0.401667 0.668980 0.670096
0.403333 0.667865 0.668980
0.405000 0.666751 0.667865
0.406667 0.665640 0.666751
0.408333 0.664531 0.665640
0.410000 0.663423 0.664531
0.411667 0.662318 0.663423
0.413333 0.661214 0.662318
0.415000 0.660112 0.661214
0.416667 0.659012 0.660112
0.418333 0.657913 0.659012
0.420000 0.656817 0.657913
0.421667 0.655722 0.656817
0.423333 0.654629 0.655722
0.425000 0.653538 0.654629
0.426667 0.652449 0.653538
0.428333 0.651361 0.652449
0.430000 0.650276 0.651361
0.431667 0.649192 0.650276
0.433333 0.648110 0.649192
0.435000 0.647030 0.648110
0.436667 0.645951 0.647030
0.438333 0.644875 0.645951
0.440000 0.643800 0.644875
0.441667 0.642727 0.643800
0.443333 0.641656 0.642727
0.445000 0.640586 0.641656
0.446667 0.639519 0.640586
0.448333 0.638453 0.639519
0.450000 0.637389 0.638453
0.451667 0.636327 0.637389
0.453333 0.635266 0.636327
0.455000 0.634207 0.635266
0.456667 0.633150 0.634207
0.458333 0.632095 0.633150
0.460000 0.631041 0.632095
0.461667 0.629990 0.631041
0.463333 0.628940 0.629990
0.465000 0.627891 0.628940
0.466667 0.626845 0.627891
0.468333 0.625800 0.626845
0.470000 0.624757 0.625800
0.471667 0.623716 0.624757
0.473333 0.622676 0.623716
0.475000 0.621639 0.622676
0.476667 0.620603 0.621639
0.478333 0.619568 0.620603
0.480000 0.618536 0.619568
0.481667 0.617505 0.618536
0.483333 0.616476 0.617505
0.485000 0.615448 0.616476
0.486667 0.614422 0.615448
0.488333 0.613398 0.614422
0.490000 0.612376 0.613398
0.491667 0.611355 0.612376
0.493333 0.610336 0.611355
0.495000 0.609319 0.610336
0.496667 0.608304 0.609319
0.498333 0.607290 0.608304
0.500000 0.606278 0.607290
0.501667 0.605267 0.606278
0.503333 0.604258 0.605267
0.505000 0.603251 0.604258
0.506667 0.602246 0.603251
0.508333 0.601242 0.602246
0.510000 0.600240 0.601242
0.511667 0.599240 0.600240
0.513333 0.598241 0.599240
0.515000 0.597244 0.598241
0.516667 0.596249 0.597244
0.518333 0.595255 0.596249
0.520000 0.594263 0.595255
0.521667 0.593272 0.594263
0.523333 0.592283 0.593272
0.525000 0.591296 0.592283
0.526667 0.590311 0.591296
0.528333 0.589327 0.590311
0.530000 0.588345 0.589327
0.531667 0.587364 0.588345
0.533333 0.586385 0.587364
0.535000 0.585408 0.586385
0.536667 0.584432 0.585408
0.538333 0.583458 0.584432
0.540000 0.582486 0.583458
0.541667 0.581515 0.582486
0.543333 0.580546 0.581515
0.545000 0.579578 0.580546
0.546667 0.578612 0.579578
0.548333 0.577648 0.578612
0.550000 0.576685 0.577648
0.551667 0.575724 0.576685
0.553333 0.574764 0.575724
0.555000 0.573807 0.574764
0.556667 0.572850 0.573807
0.558333 0.571895 0.572850
0.560000 0.570942 0.571895
0.561667 0.569991 0.570942
0.563333 0.569041 0.569991
0.565000 0.568092 0.569041
0.566667 0.567145 0.568092
0.568333 0.566200 0.567145
0.570000 0.565257 0.566200
0.571667 0.564314 0.565257
0.573333 0.563374 0.564314
0.575000 0.562435 0.563374
0.576667 0.561498 0.562435
0.578333 0.560562 0.561498
0.580000 0.559628 0.560562
0.581667 0.558695 0.559628
0.583333 0.557764 0.558695
0.585000 0.556834 0.557764
0.586667 0.555906 0.556834
0.588333 0.554979 0.555906
0.590000 0.554055 0.554979
0.591667 0.553131 0.554055
0.593333 0.552209 0.553131
0.595000 0.551289 0.552209
0.596667 0.550370 0.551289
0.598333 0.549453 0.550370
0.600000 0.548537 0.549453
0.601667 0.547623 0.548537
0.603333 0.546710 0.547623
0.605000 0.545799 0.546710
0.606667 0.544889 0.545799
0.608333 0.543981 0.544889
0.610000 0.543074 0.543981
0.611667 0.542169 0.543074
0.613333 0.541266 0.542169
0.615000 0.540364 0.541266
0.616667 0.539463 0.540364
0.618333 0.538564 0.539463
0.620000 0.537666 0.538564
0.621667 0.536770 0.537666
0.623333 0.535876 0.536770
0.625000 0.534982 0.535876
0.626667 0.534091 0.534982
0.628333 0.533201 0.534091
0.630000 0.532312 0.533201
0.631667 0.531425 0.532312
0.633333 0.530539 0.531425
0.635000 0.529655 0.530539
0.636667 0.528772 0.529655
0.638333 0.527891 0.528772
0.640000 0.527011 0.527891
0.641667 0.526133 0.527011
0.643333 0.525256 0.526133
0.645000 0.524380 0.525256
0.646667 0.523506 0.524380
0.648333 0.522634 0.523506
0.650000 0.521763 0.522634
0.651667 0.520893 0.521763
0.653333 0.520025 0.520893
0.655000 0.519158 0.520025
0.656667 0.518293 0.519158
0.658333 0.517429 0.518293
0.660000 0.516567 0.517429
0.661667 0.515706 0.516567
0.663333 0.514846 0.515706
0.665000 0.513988 0.514846
0.666667 0.513132 0.513988
0.668333 0.512276 0.513132
0.670000 0.511423 0.512276
0.671667 0.510570 0.511423
0.673333 0.509719 0.510570
0.675000 0.508870 0.509719
0.676667 0.508022 0.508870
0.678333 0.507175 0.508022
0.680000 0.506330 0.507175
0.681667 0.505486 0.506330
0.683333 0.504643 0.505486
0.685000 0.503802 0.504643
0.686667 0.502963 0.503802
0.688333 0.502124 0.502963
0.690000 0.501287 0.502124
0.691667 0.500452 0.501287
0.693333 0.499618 0.500452
0.695000 0.498785 0.499618
0.696667 0.497954 0.498785
0.698333 0.497124 0.497954
0.700000 0.496295 0.497124
0.701667 0.495468 0.496295
0.703333 0.494642 0.495468
0.705000 0.493818 0.494642
0.706667 0.492995 0.493818
0.708333 0.492173 0.492995
0.710000 0.491353 0.492173
0.711667 0.490534 0.491353
0.713333 0.489717 0.490534
0.715000 0.488900 0.489717
0.716667 0.488086 0.488900
0.718333 0.487272 0.488086
0.720000 0.486460 0.487272
0.721667 0.485649 0.486460
0.723333 0.484840 0.485649
0.725000 0.484032 0.484840
0.726667 0.483225 0.484032
0.728333 0.482420 0.483225
0.730000 0.481616 0.482420
0.731667 0.480813 0.481616
0.733333 0.480012 0.480813
0.735000 0.479212 0.480012
0.736667 0.478413 0.479212
0.738333 0.477615 0.478413
0.740000 0.476819 0.477615
0.741667 0.476025 0.476819
0.743333 0.475231 0.476025
0.745000 0.474439 0.475231
0.746667 0.473649 0.474439
0.748333 0.472859 0.473649
0.750000 0.472071 0.472859
0.751667 0.471284 0.472071
0.753333 0.470499 0.471284
0.755000 0.469715 0.470499
0.756667 0.468932 0.469715
0.758333 0.468150 0.468932
0.760000 0.467370 0.468150
0.761667 0.466591 0.467370
0.763333 0.465813 0.466591
0.765000 0.465037 0.465813
0.766667 0.464262 0.465037
0.768333 0.463488 0.464262
0.770000 0.462716 0.463488
0.771667 0.461945 0.462716
0.773333 0.461175 0.461945
0.775000 0.460406 0.461175
0.776667 0.459639 0.460406
0.778333 0.458873 0.459639
0.780000 0.458108 0.458873
0.781667 0.457344 0.458108
0.783333 0.456582 0.457344
0.785000 0.455821 0.456582
0.786667 0.455061 0.455821
0.788333 0.454303 0.455061
0.790000 0.453546 0.454303
0.791667 0.452790 0.453546
0.793333 0.452035 0.452790
0.795000 0.451282 0.452035
0.796667 0.450530 0.451282
0.798333 0.449779 0.450530
0.800000 0.449029 0.449779
0.801667 0.448281 0.449029
0.803333 0.447534 0.448281
0.805000 0.446788 0.447534
0.806667 0.446043 0.446788
0.808333 0.445300 0.446043
0.810000 0.444558 0.445300
0.811667 0.443817 0.444558
0.813333 0.443077 0.443817
0.815000 0.442338 0.443077
0.816667 0.441601 0.442338
0.818333 0.440865 0.441601
0.820000 0.440130 0.440865
0.821667 0.439397 0.440130
0.823333 0.438665 0.439397
0.825000 0.437933 0.438665
0.826667 0.437204 0.437933
0.828333 0.436475 0.437204
0.830000 0.435747 0.436475
0.831667 0.435021 0.435747
0.833333 0.434296 0.435021
0.835000 0.433572 0.434296
0.836667 0.432850 0.433572
0.838333 0.432128 0.432850
0.840000 0.431408 0.432128
0.841667 0.430689 0.431408
0.843333 0.429971 0.430689
0.845000 0.429255 0.429971
0.846667 0.428539 0.429255
0.848333 0.427825 0.428539
0.850000 0.427112 0.427825
0.851667 0.426400 0.427112
0.853333 0.425689 0.426400
0.855000 0.424980 0.425689
0.856667 0.424272 0.424980
0.858333 0.423565 0.424272
0.860000 0.422859 0.423565
0.861667 0.422154 0.422859
0.863333 0.421450 0.422154
0.865000 0.420748 0.421450
0.866667 0.420047 0.420748
0.868333 0.419346 0.420047
0.870000 0.418648 0.419346
0.871667 0.417950 0.418648
0.873333 0.417253 0.417950
0.875000 0.416558 0.417253
0.876667 0.415864 0.416558
0.878333 0.415170 0.415864
0.880000 0.414479 0.415170
0.881667 0.413788 0.414479
0.883333 0.413098 0.413788
0.885000 0.412410 0.413098
0.886667 0.411722 0.412410
0.888333 0.411036 0.411722
0.890000 0.410351 0.411036
0.891667 0.409667 0.410351
0.893333 0.408984 0.409667
0.895000 0.408303 0.408984
0.896667 0.407622 0.408303
0.898333 0.406943 0.407622
0.900000 0.406265 0.406943
0.901667 0.405587 0.406265
0.903333 0.404911 0.405587
0.905000 0.404237 0.404911
0.906667 0.403563 0.404237
0.908333 0.402890 0.403563
0.910000 0.402219 0.402890
0.911667 0.401548 0.402219
0.913333 0.400879 0.401548
0.915000 0.400211 0.400879
0.916667 0.399544 0.400211
0.918333 0.398878 0.399544
0.920000 0.398213 0.398878
0.921667 0.397550 0.398213
0.923333 0.396887 0.397550
0.925000 0.396226 0.396887
0.926667 0.395565 0.396226
0.928333 0.394906 0.395565
0.930000 0.394248 0.394906
0.931667 0.393591 0.394248
0.933333 0.392935 0.393591
0.935000 0.392280 0.392935
0.936667 0.391626 0.392280
0.938333 0.390973 0.391626
0.940000 0.390322 0.390973
0.941667 0.389671 0.390322
0.943333 0.389022 0.389671
0.945000 0.388373 0.389022
0.946667 0.387726 0.388373
0.948333 0.387080 0.387726
0.950000 0.386435 0.387080
0.951667 0.385791 0.386435
0.953333 0.385148 0.385791
0.955000 0.384506 0.385148
0.956667 0.383865 0.384506
0.958333 0.383225 0.383865
0.960000 0.382586 0.383225
0.961667 0.381949 0.382586
0.963333 0.381312 0.381949
0.965000 0.380677 0.381312
0.966667 0.380042 0.380677
0.968333 0.379409 0.380042
0.970000 0.378776 0.379409
0.971667 0.378145 0.378776
0.973333 0.377515 0.378145
0.975000 0.376886 0.377515
0.976667 0.376258 0.376886
0.978333 0.375630 0.376258
0.980000 0.375004 0.375630
0.981667 0.374379 0.375004
0.983333 0.373755 0.374379
0.985000 0.373132 0.373755
0.986667 0.372511 0.373132
0.988333 0.371890 0.372511
0.990000 0.371270 0.371890
0.991667 0.370651 0.371270
0.993333 0.370033 0.370651
0.995000 0.369417 0.370033
0.996667 0.368801 0.369417
0.998333 0.368186 0.368801
1.000000 0.367573 0.368186
1.001667 0.366960 0.367573
1.003333 0.366348 0.366960
1.005000 0.365738 0.366348
1.006667 0.365128 0.365738
1.008333 0.364520 0.365128
1.010000 0.363912 0.364520
1.011667 0.363306 0.363912
1.013333 0.362700 0.363306
1.015000 0.362096 0.362700
1.016667 0.361492 0.362096
1.018333 0.360890 0.361492
1.020000 0.360288 0.360890
1.021667 0.359688 0.360288
1.023333 0.359088 0.359688
1.025000 0.358490 0.359088
1.026667 0.357892 0.358490
1.028333 0.357296 0.357892
1.030000 0.356700 0.357296
1.031667 0.356106 0.356700
1.033333 0.355512 0.356106
1.035000 0.354920 0.355512
1.036667 0.354328 0.354920
1.038333 0.353738 0.354328
1.040000 0.353148 0.353738
1.041667 0.352560 0.353148
1.043333 0.351972 0.352560
1.045000 0.351385 0.351972
1.046667 0.350800 0.351385
1.048333 0.350215 0.350800
1.050000 0.349631 0.350215
1.051667 0.349049 0.349631
1.053333 0.348467 0.349049
1.055000 0.347886 0.348467
1.056667 0.347306 0.347886
1.058333 0.346727 0.347306
1.060000 0.346150 0.346727
1.061667 0.345573 0.346150
1.063333 0.344997 0.345573
1.065000 0.344422 0.344997
1.066667 0.343848 0.344422
1.068333 0.343275 0.343848
1.070000 0.342702 0.343275
1.071667 0.342131 0.342702
1.073333 0.341561 0.342131
1.075000 0.340992 0.341561
1.076667 0.340423 0.340992
1.078333 0.339856 0.340423
1.080000 0.339290 0.339856
1.081667 0.338724 0.339290
1.083333 0.338160 0.338724
1.085000 0.337596 0.338160
1.086667 0.337033 0.337596
1.088333 0.336472 0.337033
1.090000 0.335911 0.336472
1.091667 0.335351 0.335911
1.093333 0.334792 0.335351
1.095000 0.334234 0.334792
1.096667 0.333677 0.334234
1.098333 0.333121 0.333677
1.100000 0.332566 0.333121
1.101667 0.332011 0.332566
1.103333 0.331458 0.332011
1.105000 0.330906 0.331458
1.106667 0.330354 0.330906
1.108333 0.329804 0.330354
1.110000 0.329254 0.329804
1.111667 0.328705 0.329254
1.113333 0.328157 0.328705
1.115000 0.327610 0.328157
1.116667 0.327064 0.327610
1.118333 0.326519 0.327064
1.120000 0.325975 0.326519
1.121667 0.325432 0.325975
1.123333 0.324889 0.325432
1.125000 0.324348 0.324889
1.126667 0.323807 0.324348
1.128333 0.323268 0.323807
1.130000 0.322729 0.323268
1.131667 0.322191 0.322729
1.133333 0.321654 0.322191
1.135000 0.321118 0.321654
1.136667 0.320583 0.321118
1.138333 0.320048 0.320583
1.140000 0.319515 0.320048
1.141667 0.318982 0.319515
1.143333 0.318451 0.318982
1.145000 0.317920 0.318451
1.146667 0.317390 0.317920
1.148333 0.316861 0.317390
1.150000 0.316333 0.316861
1.151667 0.315806 0.316333
1.153333 0.315280 0.315806
1.155000 0.314754 0.315280
1.156667 0.314230 0.314754
1.158333 0.313706 0.314230
1.160000 0.313183 0.313706
1.161667 0.312661 0.313183
1.163333 0.312140 0.312661
1.165000 0.311620 0.312140
1.166667 0.311100 0.311620
1.168333 0.310582 0.311100
1.170000 0.310064 0.310582
1.171667 0.309547 0.310064
1.173333 0.309031 0.309547
1.175000 0.308516 0.309031
1.176667 0.308002 0.308516
1.178333 0.307489 0.308002
1.180000 0.306976 0.307489
1.181667 0.306465 0.306976
1.183333 0.305954 0.306465
1.185000 0.305444 0.305954
1.186667 0.304935 0.305444
1.188333 0.304427 0.304935
1.190000 0.303919 0.304427
1.191667 0.303413 0.303919
1.193333 0.302907 0.303413
1.195000 0.302402 0.302907
1.196667 0.301898 0.302402
1.198333 0.301395 0.301898
1.200000 0.300893 0.301395
1.201667 0.300391 0.300893
1.203333 0.299891 0.300391
1.205000 0.299391 0.299891
1.206667 0.298892 0.299391
1.208333 0.298394 0.298892
1.210000 0.297896 0.298394
1.211667 0.297400 0.297896
1.213333 0.296904 0.297400
1.215000 0.296409 0.296904
1.216667 0.295915 0.296409
1.218333 0.295422 0.295915
1.220000 0.294930 0.295422
1.221667 0.294438 0.294930
1.223333 0.293948 0.294438
1.225000 0.293458 0.293948
1.226667 0.292969 0.293458
1.228333 0.292480 0.292969
1.230000 0.291993 0.292480
1.231667 0.291506 0.291993
1.233333 0.291020 0.291506
1.235000 0.290535 0.291020
1.236667 0.290051 0.290535
1.238333 0.289568 0.290051
1.240000 0.289085 0.289568
1.241667 0.288603 0.289085
1.243333 0.288122 0.288603
1.245000 0.287642 0.288122
1.246667 0.287163 0.287642
1.248333 0.286684 0.287163
1.250000 0.286206 0.286684
1.251667 0.285729 0.286206
1.253333 0.285253 0.285729
1.255000 0.284778 0.285253
1.256667 0.284303 0.284778
1.258333 0.283829 0.284303
1.260000 0.283356 0.283829
1.261667 0.282884 0.283356
1.263333 0.282412 0.282884
1.265000 0.281942 0.282412
1.266667 0.281472 0.281942
1.268333 0.281003 0.281472
1.270000 0.280534 0.281003
1.271667 0.280067 0.280534
1.273333 0.279600 0.280067
1.275000 0.279134 0.279600
1.276667 0.278669 0.279134
1.278333 0.278204 0.278669
1.280000 0.277741 0.278204
1.281667 0.277278 0.277741
1.283333 0.276816 0.277278
1.285000 0.276354 0.276816
1.286667 0.275894 0.276354
1.288333 0.275434 0.275894
1.290000 0.274975 0.275434
1.291667 0.274516 0.274975
1.293333 0.274059 0.274516
1.295000 0.273602 0.274059
1.296667 0.273146 0.273602
1.298333 0.272691 0.273146
1.300000 0.272236 0.272691
1.301667 0.271783 0.272236
1.303333 0.271330 0.271783
1.305000 0.270877 0.271330
1.306667 0.270426 0.270877
1.308333 0.269975 0.270426
1.310000 0.269525 0.269975
1.311667 0.269076 0.269525
1.313333 0.268628 0.269076
1.315000 0.268180 0.268628
1.316667 0.267733 0.268180
1.318333 0.267287 0.267733
1.320000 0.266841 0.267287
1.321667 0.266397 0.266841
1.323333 0.265953 0.266397
1.325000 0.265509 0.265953
1.326667 0.265067 0.265509
1.328333 0.264625 0.265067
1.330000 0.264184 0.264625
1.331667 0.263744 0.264184
1.333333 0.263304 0.263744
1.335000 0.262865 0.263304
1.336667 0.262427 0.262865
1.338333 0.261990 0.262427
1.340000 0.261553 0.261990
1.341667 0.261117 0.261553
1.343333 0.260682 0.261117
1.345000 0.260248 0.260682
1.346667 0.259814 0.260248
1.348333 0.259381 0.259814
1.350000 0.258948 0.259381
1.351667 0.258517 0.258948
1.353333 0.258086 0.258517
1.355000 0.257656 0.258086
1.356667 0.257226 0.257656
1.358333 0.256798 0.257226
1.360000 0.256370 0.256798
1.361667 0.255942 0.256370
1.363333 0.255516 0.255942
1.365000 0.255090 0.255516
1.366667 0.254665 0.255090
1.368333 0.254240 0.254665
1.370000 0.253817 0.254240
1.371667 0.253394 0.253817
1.373333 0.252971 0.253394
1.375000 0.252550 0.252971
1.376667 0.252129 0.252550
1.378333 0.251709 0.252129
1.380000 0.251289 0.251709
1.381667 0.250870 0.251289
1.383333 0.250452 0.250870
1.385000 0.250035 0.250452
1.386667 0.249618 0.250035
1.388333 0.249202 0.249618
1.390000 0.248787 0.249202
1.391667 0.248372 0.248787
1.393333 0.247958 0.248372
1.395000 0.247545 0.247958
1.396667 0.247132 0.247545
1.398333 0.246720 0.247132
1.400000 0.246309 0.246720
1.401667 0.245899 0.246309
1.403333 0.245489 0.245899
1.405000 0.245080 0.245489
1.406667 0.244671 0.245080
1.408333 0.244263 0.244671
1.410000 0.243856 0.244263
1.411667 0.243450 0.243856
1.413333 0.243044 0.243450
1.415000 0.242639 0.243044
1.416667 0.242235 0.242639
1.418333 0.241831 0.242235
1.420000 0.241428 0.241831
1.421667 0.241025 0.241428
1.423333 0.240624 0.241025
1.425000 0.240223 0.240624
1.426667 0.239822 0.240223
1.428333 0.239423 0.239822
1.430000 0.239024 0.239423
1.431667 0.238625 0.239024
1.433333 0.238228 0.238625
1.435000 0.237830 0.238228
1.436667 0.237434 0.237830
1.438333 0.237038 0.237434
1.440000 0.236643 0.237038
1.441667 0.236249 0.236643
1.443333 0.235855 0.236249
1.445000 0.235462 0.235855
1.446667 0.235070 0.235462
1.448333 0.234678 0.235070
1.450000 0.234287 0.234678
1.451667 0.233896 0.234287
1.453333 0.233506 0.233896
1.455000 0.233117 0.233506
1.456667 0.232729 0.233117
1.458333 0.232341 0.232729
1.460000 0.231954 0.232341
1.461667 0.231567 0.231954
1.463333 0.231181 0.231567
1.465000 0.230796 0.231181
1.466667 0.230411 0.230796
1.468333 0.230027 0.230411
1.470000 0.229644 0.230027
1.471667 0.229261 0.229644
1.473333 0.228879 0.229261
1.475000 0.228497 0.228879
1.476667 0.228117 0.228497
1.478333 0.227736 0.228117
1.480000 0.227357 0.227736
1.481667 0.226978 0.227357
1.483333 0.226600 0.226978
1.485000 0.226222 0.226600
1.486667 0.225845 0.226222
1.488333 0.225468 0.225845
1.490000 0.225093 0.225468
1.491667 0.224718 0.225093
1.493333 0.224343 0.224718
1.495000 0.223969 0.224343
1.496667 0.223596 0.223969
1.498333 0.223223 0.223596
1.500000 0.222851 0.223223
1.501667 0.222480 0.222851
1.503333 0.222109 0.222480
1.505000 0.221739 0.222109
1.506667 0.221369 0.221739
1.508333 0.221000 0.221369
1.510000 0.220632 0.221000
1.511667 0.220264 0.220632
1.513333 0.219897 0.220264
1.515000 0.219531 0.219897
1.516667 0.219165 0.219531
1.518333 0.218799 0.219165
1.520000 0.218435 0.218799
1.521667 0.218071 0.218435
1.523333 0.217707 0.218071
1.525000 0.217344 0.217707
1.526667 0.216982 0.217344
1.528333 0.216620 0.216982
1.530000 0.216259 0.216620
1.531667 0.215899 0.216259
1.533333 0.215539 0.215899
1.535000 0.215180 0.215539
1.536667 0.214821 0.215180
1.538333 0.214463 0.214821
1.540000 0.214106 0.214463
1.541667 0.213749 0.214106
1.543333 0.213393 0.213749
1.545000 0.213037 0.213393
1.546667 0.212682 0.213037
1.548333 0.212328 0.212682
1.550000 0.211974 0.212328
1.551667 0.211620 0.211974
1.553333 0.211268 0.211620
1.555000 0.210916 0.211268
1.556667 0.210564 0.210916
1.558333 0.210213 0.210564
1.560000 0.209863 0.210213
1.561667 0.209513 0.209863
1.563333 0.209164 0.209513
1.565000 0.208815 0.209164
1.566667 0.208467 0.208815
1.568333 0.208120 0.208467
1.570000 0.207773 0.208120
1.571667 0.207427 0.207773
1.573333 0.207081 0.207427
1.575000 0.206736 0.207081
1.576667 0.206391 0.206736
1.578333 0.206047 0.206391
1.580000 0.205704 0.206047
1.581667 0.205361 0.205704
1.583333 0.205019 0.205361
1.585000 0.204677 0.205019
1.586667 0.204336 0.204677
1.588333 0.203995 0.204336
1.590000 0.203655 0.203995
1.591667 0.203316 0.203655
1.593333 0.202977 0.203316
1.595000 0.202639 0.202977
1.596667 0.202301 0.202639
1.598333 0.201964 0.202301
1.600000 0.201627 0.201964
1.601667 0.201291 0.201627
1.603333 0.200956 0.201291
1.605000 0.200621 0.200956
1.606667 0.200286 0.200621
1.608333 0.199953 0.200286
1.610000 0.199619 0.199953
1.611667 0.199287 0.199619
1.613333 0.198954 0.199287
1.615000 0.198623 0.198954
1.616667 0.198292 0.198623
1.618333 0.197961 0.198292
1.620000 0.197631 0.197961
1.621667 0.197302 0.197631
1.623333 0.196973 0.197302
1.625000 0.196645 0.196973
1.626667 0.196317 0.196645
1.628333 0.195990 0.196317
1.630000 0.195663 0.195990
1.631667 0.195337 0.195663
1.633333 0.195012 0.195337
1.635000 0.194687 0.195012
1.636667 0.194362 0.194687
1.638333 0.194038 0.194362
1.640000 0.193715 0.194038
1.641667 0.193392 0.193715
1.643333 0.193070 0.193392
1.645000 0.192748 0.193070
1.646667 0.192427 0.192748
1.648333 0.192106 0.192427
1.650000 0.191786 0.192106
1.651667 0.191466 0.191786
1.653333 0.191147 0.191466
1.655000 0.190828 0.191147
1.656667 0.190510 0.190828
1.658333 0.190193 0.190510
1.660000 0.189876 0.190193
1.661667 0.189559 0.189876
1.663333 0.189243 0.189559
1.665000 0.188928 0.189243
1.666667 0.188613 0.188928
1.668333 0.188299 0.188613
1.670000 0.187985 0.188299
1.671667 0.187672 0.187985
1.673333 0.187359 0.187672
1.675000 0.187047 0.187359
1.676667 0.186735 0.187047
1.678333 0.186424 0.186735
1.680000 0.186113 0.186424
1.681667 0.185803 0.186113
1.683333 0.185493 0.185803
1.685000 0.185184 0.185493
1.686667 0.184875 0.185184
1.688333 0.184567 0.184875
1.690000 0.184260 0.184567
1.691667 0.183952 0.184260
1.693333 0.183646 0.183952
1.695000 0.183340 0.183646
1.696667 0.183034 0.183340
1.698333 0.182729 0.183034
1.700000 0.182425 0.182729
1.701667 0.182121 0.182425
1.703333 0.181817 0.182121
1.705000 0.181514 0.181817
1.706667 0.181211 0.181514
1.708333 0.180909 0.181211
1.710000 0.180608 0.180909
1.711667 0.180307 0.180608
1.713333 0.180006 0.180307
1.715000 0.179706 0.180006
1.716667 0.179407 0.179706
1.718333 0.179108 0.179407
1.720000 0.178809 0.179108
1.721667 0.178511 0.178809
1.723333 0.178214 0.178511
1.725000 0.177917 0.178214
1.726667 0.177620 0.177917
1.728333 0.177324 0.177620
1.730000 0.177029 0.177324
1.731667 0.176734 0.177029
1.733333 0.176439 0.176734
1.735000 0.176145 0.176439
1.736667 0.175851 0.176145
1.738333 0.175558 0.175851
1.740000 0.175266 0.175558
1.741667 0.174974 0.175266
1.743333 0.174682 0.174974
1.745000 0.174391 0.174682
1.746667 0.174100 0.174391
1.748333 0.173810 0.174100
1.750000 0.173520 0.173810
1.751667 0.173231 0.173520
1.753333 0.172943 0.173231
1.755000 0.172654 0.172943
1.756667 0.172367 0.172654
1.758333 0.172079 0.172367
1.760000 0.171792 0.172079
1.761667 0.171506 0.171792
1.763333 0.171220 0.171506
1.765000 0.170935 0.171220
1.766667 0.170650 0.170935
1.768333 0.170366 0.170650
1.770000 0.170082 0.170366
1.771667 0.169798 0.170082
1.773333 0.169515 0.169798
1.775000 0.169233 0.169515
1.776667 0.168951 0.169233
1.778333 0.168669 0.168951
1.780000 0.168388 0.168669
1.781667 0.168107 0.168388
1.783333 0.167827 0.168107
1.785000 0.167547 0.167827
1.786667 0.167268 0.167547
1.788333 0.166989 0.167268
1.790000 0.166711 0.166989
1.791667 0.166433 0.166711
1.793333 0.166156 0.166433
1.795000 0.165879 0.166156
1.796667 0.165602 0.165879
1.798333 0.165326 0.165602
1.800000 0.165051 0.165326
1.801667 0.164776 0.165051
1.803333 0.164501 0.164776
1.805000 0.164227 0.164501
1.806667 0.163953 0.164227
1.808333 0.163680 0.163953
1.810000 0.163407 0.163680
1.811667 0.163135 0.163407
1.813333 0.162863 0.163135
1.815000 0.162592 0.162863
1.816667 0.162321 0.162592
1.818333 0.162050 0.162321
1.820000 0.161780 0.162050
1.821667 0.161510 0.161780
1.823333 0.161241 0.161510
1.825000 0.160972 0.161241
1.826667 0.160704 0.160972
1.828333 0.160436 0.160704
1.830000 0.160169 0.160436
1.831667 0.159902 0.160169
1.833333 0.159635 0.159902
1.835000 0.159369 0.159635
1.836667 0.159104 0.159369
1.838333 0.158839 0.159104
1.840000 0.158574 0.158839
1.841667 0.158310 0.158574
1.843333 0.158046 0.158310
1.845000 0.157782 0.158046
1.846667 0.157519 0.157782
1.848333 0.157257 0.157519
1.850000 0.156995 0.157257
1.851667 0.156733 0.156995
1.853333 0.156472 0.156733
1.855000 0.156211 0.156472
1.856667 0.155951 0.156211
1.858333 0.155691 0.155951
1.860000 0.155431 0.155691
1.861667 0.155172 0.155431
1.863333 0.154914 0.155172
1.865000 0.154655 0.154914
1.866667 0.154398 0.154655
1.868333 0.154140 0.154398
1.870000 0.153883 0.154140
1.871667 0.153627 0.153883
1.873333 0.153371 0.153627
1.875000 0.153115 0.153371
1.876667 0.152860 0.153115
1.878333 0.152605 0.152860
1.880000 0.152351 0.152605
1.881667 0.152097 0.152351
1.883333 0.151844 0.152097
1.885000 0.151590 0.151844
1.886667 0.151338 0.151590
1.888333 0.151086 0.151338
1.890000 0.150834 0.151086
1.891667 0.150582 0.150834
1.893333 0.150331 0.150582
1.895000 0.150081 0.150331
1.896667 0.149831 0.150081
1.898333 0.149581 0.149831
1.900000 0.149332 0.149581
1.901667 0.149083 0.149332
1.903333 0.148834 0.149083
1.905000 0.148586 0.148834
1.906667 0.148339 0.148586
1.908333 0.148091 0.148339
1.910000 0.147845 0.148091
1.911667 0.147598 0.147845
1.913333 0.147352 0.147598
1.915000 0.147107 0.147352
1.916667 0.146861 0.147107
1.918333 0.146617 0.146861
1.920000 0.146372 0.146617
1.921667 0.146128 0.146372
1.923333 0.145885 0.146128
1.925000 0.145642 0.145885
1.926667 0.145399 0.145642
1.928333 0.145157 0.145399
1.930000 0.144915 0.145157
1.931667 0.144673 0.144915
1.933333 0.144432 0.144673
1.935000 0.144191 0.144432
1.936667 0.143951 0.144191
1.938333 0.143711 0.143951
1.940000 0.143472 0.143711
1.941667 0.143232 0.143472
1.943333 0.142994 0.143232
1.945000 0.142755 0.142994
1.946667 0.142517 0.142755
1.948333 0.142280 0.142517
1.950000 0.142043 0.142280
1.951667 0.141806 0.142043
1.953333 0.141570 0.141806
1.955000 0.141334 0.141570
1.956667 0.141098 0.141334
1.958333 0.140863 0.141098
1.960000 0.140628 0.140863
1.961667 0.140394 0.140628
1.963333 0.140160 0.140394
1.965000 0.139926 0.140160
1.966667 0.139693 0.139926
1.968333 0.139460 0.139693
1.970000 0.139228 0.139460
1.971667 0.138996 0.139228
1.973333 0.138764 0.138996
1.975000 0.138533 0.138764
1.976667 0.138302 0.138533
1.978333 0.138071 0.138302
1.980000 0.137841 0.138071
1.981667 0.137612 0.137841
1.983333 0.137382 0.137612
1.985000 0.137153 0.137382
1.986667 0.136925 0.137153
1.988333 0.136697 0.136925
1.990000 0.136469 0.136697
1.991667 0.136241 0.136469
1.993333 0.136014 0.136241
1.995000 0.135787 0.136014
1.996667 0.135561 0.135787
1.998333 0.135335 0.135561
2.000000 0.135110 0.135335
2.001667 0.134884 0.135110
2.003333 0.134660 0.134884
2.005000 0.134435 0.134660
2.006667 0.134211 0.134435
2.008333 0.133987 0.134211
2.010000 0.133764 0.133987
2.011667 0.133541 0.133764
2.013333 0.133319 0.133541
2.015000 0.133096 0.133319
2.016667 0.132875 0.133096
2.018333 0.132653 0.132875
2.020000 0.132432 0.132653
2.021667 0.132211 0.132432
2.023333 0.131991 0.132211
2.025000 0.131771 0.131991
2.026667 0.131551 0.131771
2.028333 0.131332 0.131551
2.030000 0.131113 0.131332
2.031667 0.130895 0.131113
2.033333 0.130677 0.130895
2.035000 0.130459 0.130677
2.036667 0.130241 0.130459
2.038333 0.130024 0.130241
2.040000 0.129808 0.130024
2.041667 0.129591 0.129808
2.043333 0.129375 0.129591
2.045000 0.129160 0.129375
2.046667 0.128944 0.129160
2.048333 0.128729 0.128944
2.050000 0.128515 0.128729
2.051667 0.128301 0.128515
2.053333 0.128087 0.128301
2.055000 0.127873 0.128087
2.056667 0.127660 0.127873
2.058333 0.127448 0.127660
2.060000 0.127235 0.127448
2.061667 0.127023 0.127235
2.063333 0.126811 0.127023
2.065000 0.126600 0.126811
2.066667 0.126389 0.126600
2.068333 0.126178 0.126389
2.070000 0.125968 0.126178
2.071667 0.125758 0.125968
2.073333 0.125549 0.125758
2.075000 0.125339 0.125549
2.076667 0.125130 0.125339
2.078333 0.124922 0.125130
2.080000 0.124714 0.124922
2.081667 0.124506 0.124714
2.083333 0.124298 0.124506
2.085000 0.124091 0.124298
2.086667 0.123884 0.124091
2.088333 0.123678 0.123884
2.090000 0.123472 0.123678
2.091667 0.123266 0.123472
2.093333 0.123060 0.123266
2.095000 0.122855 0.123060
2.096667 0.122651 0.122855
2.098333 0.122446 0.122651
2.100000 0.122242 0.122446
2.101667 0.122038 0.122242
2.103333 0.121835 0.122038
2.105000 0.121632 0.121835
2.106667 0.121429 0.121632
2.108333 0.121227 0.121429
2.110000 0.121025 0.121227
2.111667 0.120823 0.121025
2.113333 0.120622 0.120823
2.115000 0.120421 0.120622
2.116667 0.120220 0.120421
2.118333 0.120020 0.120220
2.120000 0.119820 0.120020
2.121667 0.119620 0.119820
2.123333 0.119420 0.119620
2.125000 0.119221 0.119420
2.126667 0.119023 0.119221
2.128333 0.118824 0.119023
2.130000 0.118626 0.118824
2.131667 0.118429 0.118626
2.133333 0.118231 0.118429
2.135000 0.118034 0.118231
2.136667 0.117837 0.118034
2.138333 0.117641 0.117837
2.140000 0.117445 0.117641
2.141667 0.117249 0.117445
2.143333 0.117054 0.117249
2.145000 0.116859 0.117054
2.146667 0.116664 0.116859
2.148333 0.116470 0.116664
2.150000 0.116275 0.116470
2.151667 0.116082 0.116275
2.153333 0.115888 0.116082
2.155000 0.115695 0.115888
2.156667 0.115502 0.115695
2.158333 0.115310 0.115502
2.160000 0.115117 0.115310
2.161667 0.114926 0.115117
2.163333 0.114734 0.114926
2.165000 0.114543 0.114734
2.166667 0.114352 0.114543
2.168333 0.114161 0.114352
2.170000 0.113971 0.114161
2.171667 0.113781 0.113971
2.173333 0.113592 0.113781
2.175000 0.113402 0.113592
2.176667 0.113213 0.113402
2.178333 0.113025 0.113213
2.180000 0.112836 0.113025
2.181667 0.112648 0.112836
2.183333 0.112460 0.112648
2.185000 0.112273 0.112460
2.186667 0.112086 0.112273
2.188333 0.111899 0.112086
2.190000 0.111712 0.111899
2.191667 0.111526 0.111712
2.193333 0.111340 0.111526
2.195000 0.111155 0.111340
2.196667 0.110970 0.111155
2.198333 0.110785 0.110970
2.200000 0.110600 0.110785
2.201667 0.110416 0.110600
2.203333 0.110232 0.110416
2.205000 0.110048 0.110232
2.206667 0.109864 0.110048
2.208333 0.109681 0.109864
2.210000 0.109499 0.109681
2.211667 0.109316 0.109499
2.213333 0.109134 0.109316
2.215000 0.108952 0.109134
2.216667 0.108770 0.108952
2.218333 0.108589 0.108770
2.220000 0.108408 0.108589
2.221667 0.108227 0.108408
2.223333 0.108047 0.108227
2.225000 0.107867 0.108047
2.226667 0.107687 0.107867
2.228333 0.107508 0.107687
2.230000 0.107329 0.107508
2.231667 0.107150 0.107329
2.233333 0.106971 0.107150
2.235000 0.106793 0.106971
2.236667 0.106615 0.106793
2.238333 0.106437 0.106615
2.240000 0.106260 0.106437
2.241667 0.106083 0.106260
2.243333 0.105906 0.106083
2.245000 0.105729 0.105906
2.246667 0.105553 0.105729
2.248333 0.105377 0.105553
2.250000 0.105202 0.105377
2.251667 0.105026 0.105202
2.253333 0.104851 0.105026
2.255000 0.104676 0.104851
2.256667 0.104502 0.104676
2.258333 0.104328 0.104502
2.260000 0.104154 0.104328
2.261667 0.103980 0.104154
2.263333 0.103807 0.103980
2.265000 0.103634 0.103807
2.266667 0.103461 0.103634
2.268333 0.103289 0.103461
2.270000 0.103117 0.103289
2.271667 0.102945 0.103117
2.273333 0.102773 0.102945
2.275000 0.102602 0.102773
2.276667 0.102431 0.102602
2.278333 0.102260 0.102431
2.280000 0.102090 0.102260
2.281667 0.101920 0.102090
2.283333 0.101750 0.101920
2.285000 0.101580 0.101750
2.286667 0.101411 0.101580
2.288333 0.101242 0.101411
2.290000 0.101073 0.101242
2.291667 0.100905 0.101073
2.293333 0.100737 0.100905
2.295000 0.100569 0.100737
2.296667 0.100401 0.100569
2.298333 0.100234 0.100401
2.300000 0.100067 0.100234
2.301667 0.099900 0.100067
2.303333 0.099733 0.099900
2.305000 0.099567 0.099733
2.306667 0.099401 0.099567
2.308333 0.099236 0.099401
2.310000 0.099070 0.099236
2.311667 0.098905 0.099070
2.313333 0.098740 0.098905
2.315000 0.098576 0.098740
2.316667 0.098411 0.098576
2.318333 0.098247 0.098411
2.320000 0.098084 0.098247
2.321667 0.097920 0.098084
2.323333 0.097757 0.097920
2.325000 0.097594 0.097757
2.326667 0.097431 0.097594
2.328333 0.097269 0.097431
2.330000 0.097107 0.097269
2.331667 0.096945 0.097107
2.333333 0.096783 0.096945
2.335000 0.096622 0.096783
2.336667 0.096461 0.096622
2.338333 0.096300 0.096461
2.340000 0.096140 0.096300
2.341667 0.095980 0.096140
2.343333 0.095820 0.095980
2.345000 0.095660 0.095820
2.346667 0.095500 0.095660
2.348333 0.095341 0.095500
2.350000 0.095182 0.095341
2.351667 0.095024 0.095182
2.353333 0.094865 0.095024
2.355000 0.094707 0.094865
2.356667 0.094549 0.094707
2.358333 0.094392 0.094549
2.360000 0.094235 0.094392
2.361667 0.094077 0.094235
2.363333 0.093921 0.094077
2.365000 0.093764 0.093921
2.366667 0.093608 0.093764
2.368333 0.093452 0.093608
2.370000 0.093296 0.093452
2.371667 0.093141 0.093296
2.373333 0.092985 0.093141
2.375000 0.092830 0.092985
2.376667 0.092676 0.092830
2.378333 0.092521 0.092676
2.380000 0.092367 0.092521
2.381667 0.092213 0.092367
2.383333 0.092059 0.092213
2.385000 0.091906 0.092059
2.386667 0.091753 0.091906
2.388333 0.091600 0.091753
2.390000 0.091447 0.091600
2.391667 0.091295 0.091447
2.393333 0.091143 0.091295
2.395000 0.090991 0.091143
2.396667 0.090839 0.090991
2.398333 0.090688 0.090839
2.400000 0.090536 0.090688
2.401667 0.090386 0.090536
2.403333 0.090235 0.090386
2.405000 0.090085 0.090235
2.406667 0.089934 0.090085
2.408333 0.089785 0.089934
2.410000 0.089635 0.089785
2.411667 0.089486 0.089635
2.413333 0.089336 0.089486
2.415000 0.089187 0.089336
2.416667 0.089039 0.089187
2.418333 0.088890 0.089039
2.420000 0.088742 0.088890
2.421667 0.088594 0.088742
2.423333 0.088447 0.088594
2.425000 0.088299 0.088447
2.426667 0.088152 0.088299
2.428333 0.088005 0.088152
2.430000 0.087859 0.088005
2.431667 0.087712 0.087859
2.433333 0.087566 0.087712
2.435000 0.087420 0.087566
2.436667 0.087274 0.087420
2.438333 0.087129 0.087274
2.440000 0.086984 0.087129
2.441667 0.086839 0.086984
2.443333 0.086694 0.086839
2.445000 0.086549 0.086694
2.446667 0.086405 0.086549
2.448333 0.086261 0.086405
2.450000 0.086117 0.086261
2.451667 0.085974 0.086117
2.453333 0.085831 0.085974
2.455000 0.085688 0.085831
2.456667 0.085545 0.085688
2.458333 0.085402 0.085545
2.460000 0.085260 0.085402
2.461667 0.085118 0.085260
2.463333 0.084976 0.085118
2.465000 0.084834 0.084976
2.466667 0.084693 0.084834
2.468333 0.084552 0.084693
2.470000 0.084411 0.084552
2.471667 0.084270 0.084411
2.473333 0.084130 0.084270
2.475000 0.083989 0.084130
2.476667 0.083849 0.083989
2.478333 0.083710 0.083849
2.480000 0.083570 0.083710
2.481667 0.083431 0.083570
2.483333 0.083292 0.083431
2.485000 0.083153 0.083292
2.486667 0.083014 0.083153
2.488333 0.082876 0.083014
2.490000 0.082738 0.082876
2.491667 0.082600 0.082738
2.493333 0.082462 0.082600
2.495000 0.082325 0.082462
2.496667 0.082188 0.082325
2.498333 0.082051 0.082188
2.500000 0.081914 0.082051
2.501667 0.081777 0.081914
2.503333 0.081641 0.081777
2.505000 0.081505 0.081641
2.506667 0.081369 0.081505
2.508333 0.081234 0.081369
2.510000 0.081098 0.081234
2.511667 0.080963 0.081098
2.513333 0.080828 0.080963
2.515000 0.080693 0.080828
2.516667 0.080559 0.080693
2.518333 0.080425 0.080559
2.520000 0.080291 0.080425
2.521667 0.080157 0.080291
2.523333 0.080023 0.080157
2.525000 0.079890 0.080023
2.526667 0.079757 0.079890
2.528333 0.079624 0.079757
2.530000 0.079491 0.079624
2.531667 0.079359 0.079491
2.533333 0.079226 0.079359
2.535000 0.079094 0.079226
2.536667 0.078962 0.079094
2.538333 0.078831 0.078962
2.540000 0.078699 0.078831
2.541667 0.078568 0.078699
2.543333 0.078437 0.078568
2.545000 0.078307 0.078437
2.546667 0.078176 0.078307
2.548333 0.078046 0.078176
2.550000 0.077916 0.078046
2.551667 0.077786 0.077916
2.553333 0.077656 0.077786
2.555000 0.077527 0.077656
2.556667 0.077398 0.077527
2.558333 0.077269 0.077398
2.560000 0.077140 0.077269
2.561667 0.077011 0.077140
2.563333 0.076883 0.077011
2.565000 0.076755 0.076883
2.566667 0.076627 0.076755
2.568333 0.076499 0.076627
2.570000 0.076372 0.076499
2.571667 0.076244 0.076372
2.573333 0.076117 0.076244
2.575000 0.075990 0.076117
2.576667 0.075864 0.075990
2.578333 0.075737 0.075864
2.580000 0.075611 0.075737
2.581667 0.075485 0.075611
2.583333 0.075359 0.075485
2.585000 0.075234 0.075359
2.586667 0.075108 0.075234
2.588333 0.074983 0.075108
2.590000 0.074858 0.074983
2.591667 0.074733 0.074858
2.593333 0.074609 0.074733
2.595000 0.074484 0.074609
2.596667 0.074360 0.074484
2.598333 0.074236 0.074360
2.600000 0.074113 0.074236
2.601667 0.073989 0.074113
2.603333 0.073866 0.073989
2.605000 0.073743 0.073866
2.606667 0.073620 0.073743
2.608333 0.073497 0.073620
2.610000 0.073375 0.073497
2.611667 0.073252 0.073375
2.613333 0.073130 0.073252
2.615000 0.073008 0.073130
2.616667 0.072887 0.073008
2.618333 0.072765 0.072887
2.620000 0.072644 0.072765
2.621667 0.072523 0.072644
2.623333 0.072402 0.072523
2.625000 0.072281 0.072402
2.626667 0.072161 0.072281
2.628333 0.072041 0.072161
2.630000 0.071920 0.072041
2.631667 0.071801 0.071920
2.633333 0.071681 0.071801
2.635000 0.071561 0.071681
2.636667 0.071442 0.071561
2.638333 0.071323 0.071442
2.640000 0.071204 0.071323
2.641667 0.071086 0.071204
2.643333 0.070967 0.071086
2.645000 0.070849 0.070967
2.646667 0.070731 0.070849
2.648333 0.070613 0.070731
2.650000 0.070495 0.070613
2.651667 0.070378 0.070495
2.653333 0.070260 0.070378
2.655000 0.070143 0.070260
2.656667 0.070026 0.070143
2.658333 0.069910 0.070026
2.660000 0.069793 0.069910
2.661667 0.069677 0.069793
2.663333 0.069561 0.069677
2.665000 0.069445 0.069561
2.666667 0.069329 0.069445
2.668333 0.069213 0.069329
2.670000 0.069098 0.069213
2.671667 0.068983 0.069098
2.673333 0.068868 0.068983
2.675000 0.068753 0.068868
2.676667 0.068639 0.068753
2.678333 0.068524 0.068639
2.680000 0.068410 0.068524
2.681667 0.068296 0.068410
2.683333 0.068182 0.068296
2.685000 0.068069 0.068182
2.686667 0.067955 0.068069
2.688333 0.067842 0.067955
2.690000 0.067729 0.067842
2.691667 0.067616 0.067729
2.693333 0.067503 0.067616
2.695000 0.067391 0.067503
2.696667 0.067278 0.067391
2.698333 0.067166 0.067278
2.700000 0.067054 0.067166
2.701667 0.066943 0.067054
2.703333 0.066831 0.066943
2.705000 0.066720 0.066831
2.706667 0.066608 0.066720
2.708333 0.066497 0.066608
2.710000 0.066387 0.066497
2.711667 0.066276 0.066387
2.713333 0.066165 0.066276
2.715000 0.066055 0.066165
2.716667 0.065945 0.066055
2.718333 0.065835 0.065945
2.720000 0.065725 0.065835
2.721667 0.065616 0.065725
2.723333 0.065507 0.065616
2.725000 0.065397 0.065507
2.726667 0.065288 0.065397
2.728333 0.065180 0.065288
2.730000 0.065071 0.065180
2.731667 0.064962 0.065071
2.733333 0.064854 0.064962
2.735000 0.064746 0.064854
2.736667 0.064638 0.064746
2.738333 0.064530 0.064638
2.740000 0.064423 0.064530
2.741667 0.064316 0.064423
2.743333 0.064208 0.064316
2.745000 0.064101 0.064208
2.746667 0.063995 0.064101
2.748333 0.063888 0.063995
2.750000 0.063781 0.063888
2.751667 0.063675 0.063781
2.753333 0.063569 0.063675
2.755000 0.063463 0.063569
2.756667 0.063357 0.063463
2.758333 0.063252 0.063357
2.760000 0.063146 0.063252
2.761667 0.063041 0.063146
2.763333 0.062936 0.063041
2.765000 0.062831 0.062936
2.766667 0.062726 0.062831
2.768333 0.062622 0.062726
2.770000 0.062517 0.062622
2.771667 0.062413 0.062517
2.773333 0.062309 0.062413
2.775000 0.062205 0.062309
2.776667 0.062102 0.062205
2.778333 0.061998 0.062102
2.780000 0.061895 0.061998
2.781667 0.061792 0.061895
2.783333 0.061689 0.061792
2.785000 0.061586 0.061689
2.786667 0.061483 0.061586
2.788333 0.061381 0.061483
2.790000 0.061278 0.061381
2.791667 0.061176 0.061278
2.793333 0.061074 0.061176
2.795000 0.060973 0.061074
2.796667 0.060871 0.060973
2.798333 0.060769 0.060871
2.800000 0.060668 0.060769
2.801667 0.060567 0.060668
2.803333 0.060466 0.060567
2.805000 0.060365 0.060466
2.806667 0.060265 0.060365
2.808333 0.060164 0.060265
2.810000 0.060064 0.060164
2.811667 0.059964 0.060064
2.813333 0.059864 0.059964
2.815000 0.059764 0.059864
2.816667 0.059665 0.059764
2.818333 0.059565 0.059665
2.820000 0.059466 0.059565
2.821667 0.059367 0.059466
2.823333 0.059268 0.059367
2.825000 0.059169 0.059268
2.826667 0.059070 0.059169
2.828333 0.058972 0.059070
2.830000 0.058874 0.058972
2.831667 0.058776 0.058874
2.833333 0.058678 0.058776
2.835000 0.058580 0.058678
2.836667 0.058482 0.058580
2.838333 0.058385 0.058482
2.840000 0.058287 0.058385
2.841667 0.058190 0.058287
2.843333 0.058093 0.058190
2.845000 0.057996 0.058093
2.846667 0.057900 0.057996
2.848333 0.057803 0.057900
2.850000 0.057707 0.057803
2.851667 0.057611 0.057707
2.853333 0.057515 0.057611
2.855000 0.057419 0.057515
2.856667 0.057323 0.057419
2.858333 0.057228 0.057323
2.860000 0.057132 0.057228
2.861667 0.057037 0.057132
2.863333 0.056942 0.057037
2.865000 0.056847 0.056942
2.866667 0.056752 0.056847
2.868333 0.056658 0.056752
2.870000 0.056563 0.056658
2.871667 0.056469 0.056563
2.873333 0.056375 0.056469
2.875000 0.056281 0.056375
2.876667 0.056187 0.056281
2.878333 0.056094 0.056187
2.880000 0.056000 0.056094
2.881667 0.055907 0.056000
2.883333 0.055814 0.055907
2.885000 0.055721 0.055814
2.886667 0.055628 0.055721
2.888333 0.055535 0.055628
2.890000 0.055442 0.055535
2.891667 0.055350 0.055442
2.893333 0.055258 0.055350
2.895000 0.055166 0.055258
2.896667 0.055074 0.055166
2.898333 0.054982 0.055074
2.900000 0.054890 0.054982
2.901667 0.054799 0.054890
2.903333 0.054707 0.054799
2.905000 0.054616 0.054707
2.906667 0.054525 0.054616
2.908333 0.054434 0.054525
2.910000 0.054344 0.054434
2.911667 0.054253 0.054344
2.913333 0.054163 0.054253
2.915000 0.054072 0.054163
2.916667 0.053982 0.054072
2.918333 0.053892 0.053982
2.920000 0.053802 0.053892
2.921667 0.053713 0.053802
2.923333 0.053623 0.053713
2.925000 0.053534 0.053623
2.926667 0.053445 0.053534
2.928333 0.053356 0.053445
2.930000 0.053267 0.053356
2.931667 0.053178 0.053267
2.933333 0.053089 0.053178
2.935000 0.053001 0.053089
2.936667 0.052912 0.053001
2.938333 0.052824 0.052912
2.940000 0.052736 0.052824
2.941667 0.052648 0.052736
2.943333 0.052561 0.052648
2.945000 0.052473 0.052561
2.946667 0.052386 0.052473
2.948333 0.052298 0.052386
2.950000 0.052211 0.052298
2.951667 0.052124 0.052211
2.953333 0.052037 0.052124
2.955000 0.051950 0.052037
2.956667 0.051864 0.051950
2.958333 0.051777 0.051864
2.960000 0.051691 0.051777
2.961667 0.051605 0.051691
2.963333 0.051519 0.051605
2.965000 0.051433 0.051519
2.966667 0.051347 0.051433
2.968333 0.051262 0.051347
2.970000 0.051176 0.051262
2.971667 0.051091 0.051176
2.973333 0.051006 0.051091
2.975000 0.050921 0.051006
2.976667 0.050836 0.050921
2.978333 0.050751 0.050836
2.980000 0.050667 0.050751
2.981667 0.050582 0.050667
2.983333 0.050498 0.050582
2.985000 0.050414 0.050498
2.986667 0.050330 0.050414
2.988333 0.050246 0.050330
2.990000 0.050162 0.050246
2.991667 0.050079 0.050162
2.993333 0.049995 0.050079
2.995000 0.049912 0.049995
2.996667 0.049829 0.049912
2.998333 0.049746 0.049829
3.000000 0.049663 0.049746
3.001667 0.049580 0.049663
3.003333 0.049497 0.049580
3.005000 0.049415 0.049497
3.006667 0.049332 0.049415
3.008333 0.049250 0.049332
3.010000 0.049168 0.049250
3.011667 0.049086 0.049168
3.013333 0.049004 0.049086
3.015000 0.048923 0.049004
3.016667 0.048841 0.048923
3.018333 0.048760 0.048841
3.020000 0.048678 0.048760
3.021667 0.048597 0.048678
3.023333 0.048516 0.048597
3.025000 0.048435 0.048516
3.026667 0.048355 0.048435
3.028333 0.048274 0.048355
3.030000 0.048194 0.048274
3.031667 0.048113 0.048194
3.033333 0.048033 0.048113
3.035000 0.047953 0.048033
3.036667 0.047873 0.047953
3.038333 0.047793 0.047873
3.040000 0.047714 0.047793
3.041667 0.047634 0.047714
3.043333 0.047555 0.047634
3.045000 0.047476 0.047555
3.046667 0.047396 0.047476
3.048333 0.047317 0.047396
3.050000 0.047239 0.047317
3.051667 0.047160 0.047239
3.053333 0.047081 0.047160
3.055000 0.047003 0.047081
3.056667 0.046924 0.047003
3.058333 0.046846 0.046924
3.060000 0.046768 0.046846
3.061667 0.046690 0.046768
3.063333 0.046612 0.046690
3.065000 0.046535 0.046612
3.066667 0.046457 0.046535
3.068333 0.046380 0.046457
3.070000 0.046302 0.046380
3.071667 0.046225 0.046302
3.073333 0.046148 0.046225
3.075000 0.046071 0.046148
3.076667 0.045995 0.046071
3.078333 0.045918 0.045995
3.080000 0.045841 0.045918
3.081667 0.045765 0.045841
3.083333 0.045689 0.045765
3.085000 0.045612 0.045689
3.086667 0.045536 0.045612
3.088333 0.045461 0.045536
3.090000 0.045385 0.045461
3.091667 0.045309 0.045385
3.093333 0.045234 0.045309
3.095000 0.045158 0.045234
3.096667 0.045083 0.045158
3.098333 0.045008 0.045083
3.100000 0.044933 0.045008
3.101667 0.044858 0.044933
3.103333 0.044783 0.044858
3.105000 0.044709 0.044783
3.106667 0.044634 0.044709
3.108333 0.044560 0.044634
3.110000 0.044485 0.044560
3.111667 0.044411 0.044485
3.113333 0.044337 0.044411
3.115000 0.044263 0.044337
3.116667 0.044190 0.044263
3.118333 0.044116 0.044190
3.120000 0.044042 0.044116
3.121667 0.043969 0.044042
3.123333 0.043896 0.043969
3.125000 0.043823 0.043896
3.126667 0.043749 0.043823
3.128333 0.043677 0.043749
3.130000 0.043604 0.043677
3.131667 0.043531 0.043604
3.133333 0.043459 0.043531
3.135000 0.043386 0.043459
3.136667 0.043314 0.043386
3.138333 0.043242 0.043314
3.140000 0.043170 0.043242
3.141667 0.043098 0.043170
3.143333 0.043026 0.043098
3.145000 0.042954 0.043026
3.146667 0.042882 0.042954
3.148333 0.042811 0.042882
3.150000 0.042740 0.042811
3.151667 0.042668 0.042740
3.153333 0.042597 0.042668
3.155000 0.042526 0.042597
3.156667 0.042455 0.042526
3.158333 0.042385 0.042455
3.160000 0.042314 0.042385
3.161667 0.042244 0.042314
3.163333 0.042173 0.042244
3.165000 0.042103 0.042173
3.166667 0.042033 0.042103
3.168333 0.041963 0.042033
3.170000 0.041893 0.041963
3.171667 0.041823 0.041893
3.173333 0.041753 0.041823
3.175000 0.041684 0.041753
3.176667 0.041614 0.041684
3.178333 0.041545 0.041614
3.180000 0.041475 0.041545
3.181667 0.041406 0.041475
3.183333 0.041337 0.041406
3.185000 0.041268 0.041337
3.186667 0.041200 0.041268
3.188333 0.041131 0.041200
3.190000 0.041062 0.041131
3.191667 0.040994 0.041062
3.193333 0.040926 0.040994
3.195000 0.040857 0.040926
3.196667 0.040789 0.040857
3.198333 0.040721 0.040789
3.200000 0.040654 0.040721
3.201667 0.040586 0.040654
3.203333 0.040518 0.040586
3.205000 0.040451 0.040518
3.206667 0.040383 0.040451
3.208333 0.040316 0.040383
3.210000 0.040249 0.040316
3.211667 0.040182 0.040249
3.213333 0.040115 0.040182
3.215000 0.040048 0.040115
3.216667 0.039981 0.040048
3.218333 0.039914 0.039981
3.220000 0.039848 0.039914
3.221667 0.039781 0.039848
3.223333 0.039715 0.039781
3.225000 0.039649 0.039715
3.226667 0.039583 0.039649
3.228333 0.039517 0.039583
3.230000 0.039451 0.039517
3.231667 0.039385 0.039451
3.233333 0.039320 0.039385
3.235000 0.039254 0.039320
3.236667 0.039189 0.039254
3.238333 0.039123 0.039189
3.240000 0.039058 0.039123
3.241667 0.038993 0.039058
3.243333 0.038928 0.038993
3.245000 0.038863 0.038928
3.246667 0.038798 0.038863
3.248333 0.038734 0.038798
3.250000 0.038669 0.038734
3.251667 0.038605 0.038669
3.253333 0.038540 0.038605
3.255000 0.038476 0.038540
3.256667 0.038412 0.038476
3.258333 0.038348 0.038412
3.260000 0.038284 0.038348
3.261667 0.038220 0.038284
3.263333 0.038157 0.038220
3.265000 0.038093 0.038157
3.266667 0.038030 0.038093
3.268333 0.037966 0.038030
3.270000 0.037903 0.037966
3.271667 0.037840 0.037903
3.273333 0.037777 0.037840
3.275000 0.037714 0.037777
3.276667 0.037651 0.037714
3.278333 0.037588 0.037651
3.280000 0.037525 0.037588
3.281667 0.037463 0.037525
3.283333 0.037400 0.037463
3.285000 0.037338 0.037400
3.286667 0.037276 0.037338
3.288333 0.037214 0.037276
3.290000 0.037152 0.037214
3.291667 0.037090 0.037152
3.293333 0.037028 0.037090
3.295000 0.036966 0.037028
3.296667 0.036905 0.036966
3.298333 0.036843 0.036905
3.300000 0.036782 0.036843
3.301667 0.036720 0.036782
3.303333 0.036659 0.036720
3.305000 0.036598 0.036659
3.306667 0.036537 0.036598
3.308333 0.036476 0.036537
3.310000 0.036415 0.036476
3.311667 0.036355 0.036415
3.313333 0.036294 0.036355
3.315000 0.036234 0.036294
3.316667 0.036173 0.036234
3.318333 0.036113 0.036173
3.320000 0.036053 0.036113
3.321667 0.035993 0.036053
3.323333 0.035933 0.035993
3.325000 0.035873 0.035933
3.326667 0.035813 0.035873
3.328333 0.035753 0.035813
3.330000 0.035694 0.035753
3.331667 0.035634 0.035694
3.333333 0.035575 0.035634
3.335000 0.035516 0.035575
3.336667 0.035456 0.035516
3.338333 0.035397 0.035456
3.340000 0.035338 0.035397
3.341667 0.035279 0.035338
3.343333 0.035221 0.035279
3.345000 0.035162 0.035221
3.346667 0.035103 0.035162
3.348333 0.035045 0.035103
3.350000 0.034986 0.035045
3.351667 0.034928 0.034986
3.353333 0.034870 0.034928
3.355000 0.034812 0.034870
3.356667 0.034754 0.034812
3.358333 0.034696 0.034754
3.360000 0.034638 0.034696
3.361667 0.034580 0.034638
3.363333 0.034523 0.034580
3.365000 0.034465 0.034523
3.366667 0.034408 0.034465
3.368333 0.034350 0.034408
3.370000 0.034293 0.034350
3.371667 0.034236 0.034293
3.373333 0.034179 0.034236
3.375000 0.034122 0.034179
3.376667 0.034065 0.034122
3.378333 0.034008 0.034065
3.380000 0.033952 0.034008
3.381667 0.033895 0.033952
3.383333 0.033839 0.033895
3.385000 0.033782 0.033839
3.386667 0.033726 0.033782
3.388333 0.033670 0.033726
3.390000 0.033613 0.033670
3.391667 0.033557 0.033613
3.393333 0.033502 0.033557
3.395000 0.033446 0.033502
3.396667 0.033390 0.033446
3.398333 0.033334 0.033390
3.400000 0.033279 0.033334
3.401667 0.033223 0.033279
3.403333 0.033168 0.033223
3.405000 0.033113 0.033168
3.406667 0.033057 0.033113
3.408333 0.033002 0.033057
3.410000 0.032947 0.033002
3.411667 0.032892 0.032947
3.413333 0.032838 0.032892
3.415000 0.032783 0.032838
3.416667 0.032728 0.032783
3.418333 0.032674 0.032728
3.420000 0.032619 0.032674
3.421667 0.032565 0.032619
3.423333 0.032511 0.032565
3.425000 0.032456 0.032511
3.426667 0.032402 0.032456
3.428333 0.032348 0.032402
3.430000 0.032294 0.032348
3.431667 0.032241 0.032294
3.433333 0.032187 0.032241
3.435000 0.032133 0.032187
3.436667 0.032080 0.032133
3.438333 0.032026 0.032080
3.440000 0.031973 0.032026
3.441667 0.031920 0.031973
3.443333 0.031866 0.031920
3.445000 0.031813 0.031866
3.446667 0.031760 0.031813
3.448333 0.031707 0.031760
3.450000 0.031654 0.031707
3.451667 0.031602 0.031654
3.453333 0.031549 0.031602
3.455000 0.031496 0.031549
3.456667 0.031444 0.031496
3.458333 0.031391 0.031444
3.460000 0.031339 0.031391
3.461667 0.031287 0.031339
3.463333 0.031235 0.031287
3.465000 0.031183 0.031235
3.466667 0.031131 0.031183
3.468333 0.031079 0.031131
3.470000 0.031027 0.031079
3.471667 0.030975 0.031027
3.473333 0.030924 0.030975
3.475000 0.030872 0.030924
3.476667 0.030821 0.030872
3.478333 0.030769 0.030821
3.480000 0.030718 0.030769
3.481667 0.030667 0.030718
3.483333 0.030616 0.030667
3.485000 0.030565 0.030616
3.486667 0.030514 0.030565
3.488333 0.030463 0.030514
3.490000 0.030412 0.030463
3.491667 0.030362 0.030412
3.493333 0.030311 0.030362
3.495000 0.030260 0.030311
3.496667 0.030210 0.030260
3.498333 0.030160 0.030210
3.500000 0.030109 0.030160
3.501667 0.030059 0.030109
3.503333 0.030009 0.030059
3.505000 0.029959 0.030009
3.506667 0.029909 0.029959
3.508333 0.029859 0.029909
3.510000 0.029809 0.029859
3.511667 0.029760 0.029809
3.513333 0.029710 0.029760
3.515000 0.029661 0.029710
3.516667 0.029611 0.029661
3.518333 0.029562 0.029611
3.520000 0.029513 0.029562
3.521667 0.029463 0.029513
3.523333 0.029414 0.029463
3.525000 0.029365 0.029414
3.526667 0.029316 0.029365
3.528333 0.029268 0.029316
3.530000 0.029219 0.029268
3.531667 0.029170 0.029219
3.533333 0.029121 0.029170
3.535000 0.029073 0.029121
3.536667 0.029024 0.029073
3.538333 0.028976 0.029024
3.540000 0.028928 0.028976
3.541667 0.028880 0.028928
3.543333 0.028831 0.028880
3.545000 0.028783 0.028831
3.546667 0.028735 0.028783
3.548333 0.028688 0.028735
3.550000 0.028640 0.028688
3.551667 0.028592 0.028640
3.553333 0.028544 0.028592
3.555000 0.028497 0.028544
3.556667 0.028449 0.028497
3.558333 0.028402 0.028449
3.560000 0.028354 0.028402
3.561667 0.028307 0.028354
3.563333 0.028260 0.028307
3.565000 0.028213 0.028260
3.566667 0.028166 0.028213
3.568333 0.028119 0.028166
3.570000 0.028072 0.028119
3.571667 0.028025 0.028072
3.573333 0.027979 0.028025
3.575000 0.027932 0.027979
3.576667 0.027885 0.027932
3.578333 0.027839 0.027885
3.580000 0.027793 0.027839
3.581667 0.027746 0.027793
3.583333 0.027700 0.027746
3.585000 0.027654 0.027700
3.586667 0.027608 0.027654
3.588333 0.027562 0.027608
3.590000 0.027516 0.027562
3.591667 0.027470 0.027516
3.593333 0.027424 0.027470
3.595000 0.027378 0.027424
3.596667 0.027333 0.027378
3.598333 0.027287 0.027333
3.600000 0.027242 0.027287
3.601667 0.027196 0.027242
3.603333 0.027151 0.027196
3.605000 0.027106 0.027151
3.606667 0.027061 0.027106
3.608333 0.027016 0.027061
3.610000 0.026970 0.027016
3.611667 0.026926 0.026970
3.613333 0.026881 0.026926
3.615000 0.026836 0.026881
3.616667 0.026791 0.026836
3.618333 0.026746 0.026791
3.620000 0.026702 0.026746
3.621667 0.026657 0.026702
3.623333 0.026613 0.026657
3.625000 0.026569 0.026613
3.626667 0.026524 0.026569
3.628333 0.026480 0.026524
3.630000 0.026436 0.026480
3.631667 0.026392 0.026436
3.633333 0.026348 0.026392
3.635000 0.026304 0.026348
3.636667 0.026260 0.026304
3.638333 0.026216 0.026260
3.640000 0.026173 0.026216
3.641667 0.026129 0.026173
3.643333 0.026086 0.026129
3.645000 0.026042 0.026086
3.646667 0.025999 0.026042
3.648333 0.025955 0.025999
3.650000 0.025912 0.025955
3.651667 0.025869 0.025912
3.653333 0.025826 0.025869
3.655000 0.025783 0.025826
3.656667 0.025740 0.025783
3.658333 0.025697 0.025740
3.660000 0.025654 0.025697
3.661667 0.025611 0.025654
3.663333 0.025569 0.025611
3.665000 0.025526 0.025569
3.666667 0.025483 0.025526
3.668333 0.025441 0.025483
3.670000 0.025399 0.025441
3.671667 0.025356 0.025399
3.673333 0.025314 0.025356
3.675000 0.025272 0.025314
3.676667 0.025230 0.025272
3.678333 0.025188 0.025230
3.680000 0.025146 0.025188
3.681667 0.025104 0.025146
3.683333 0.025062 0.025104
3.685000 0.025020 0.025062
3.686667 0.024978 0.025020
3.688333 0.024937 0.024978
3.690000 0.024895 0.024937
3.691667 0.024854 0.024895
3.693333 0.024812 0.024854
3.695000 0.024771 0.024812
3.696667 0.024730 0.024771
3.698333 0.024688 0.024730
3.700000 0.024647 0.024688
3.701667 0.024606 0.024647
3.703333 0.024565 0.024606
3.705000 0.024524 0.024565
3.706667 0.024483 0.024524
3.708333 0.024443 0.024483
3.710000 0.024402 0.024443
3.711667 0.024361 0.024402
3.713333 0.024321 0.024361
3.715000 0.024280 0.024321
3.716667 0.024240 0.024280
3.718333 0.024199 0.024240
3.720000 0.024159 0.024199
3.721667 0.024119 0.024159
3.723333 0.024078 0.024119
3.725000 0.024038 0.024078
3.726667 0.023998 0.024038
3.728333 0.023958 0.023998
3.730000 0.023918 0.023958
3.731667 0.023878 0.023918
3.733333 0.023839 0.023878
3.735000 0.023799 0.023839
3.736667 0.023759 0.023799
3.738333 0.023720 0.023759
3.740000 0.023680 0.023720
3.741667 0.023641 0.023680
3.743333 0.023601 0.023641
3.745000 0.023562 0.023601
3.746667 0.023523 0.023562
3.748333 0.023483 0.023523
3.750000 0.023444 0.023483
3.751667 0.023405 0.023444
3.753333 0.023366 0.023405
3.755000 0.023327 0.023366
3.756667 0.023288 0.023327
3.758333 0.023250 0.023288
3.760000 0.023211 0.023250
3.761667 0.023172 0.023211
3.763333 0.023134 0.023172
3.765000 0.023095 0.023134
3.766667 0.023056 0.023095
3.768333 0.023018 0.023056
3.770000 0.022980 0.023018
3.771667 0.022941 0.022980
3.773333 0.022903 0.022941
3.775000 0.022865 0.022903
3.776667 0.022827 0.022865
3.778333 0.022789 0.022827
3.780000 0.022751 0.022789
3.781667 0.022713 0.022751
3.783333 0.022675 0.022713
3.785000 0.022637 0.022675
3.786667 0.022600 0.022637
3.788333 0.022562 0.022600
3.790000 0.022524 0.022562
3.791667 0.022487 0.022524
3.793333 0.022449 0.022487
3.795000 0.022412 0.022449
3.796667 0.022374 0.022412
3.798333 0.022337 0.022374
3.800000 0.022300 0.022337
3.801667 0.022263 0.022300
3.803333 0.022226 0.022263
3.805000 0.022189 0.022226
3.806667 0.022152 0.022189
3.808333 0.022115 0.022152
3.810000 0.022078 0.022115
3.811667 0.022041 0.022078
3.813333 0.022004 0.022041
3.815000 0.021968 0.022004
3.816667 0.021931 0.021968
3.818333 0.021895 0.021931
3.820000 0.021858 0.021895
3.821667 0.021822 0.021858
3.823333 0.021785 0.021822
3.825000 0.021749 0.021785
3.826667 0.021713 0.021749
3.828333 0.021676 0.021713
3.830000 0.021640 0.021676
3.831667 0.021604 0.021640
3.833333 0.021568 0.021604
3.835000 0.021532 0.021568
3.836667 0.021496 0.021532
3.838333 0.021461 0.021496
3.840000 0.021425 0.021461
3.841667 0.021389 0.021425
3.843333 0.021353 0.021389
3.845000 0.021318 0.021353
3.846667 0.021282 0.021318
3.848333 0.021247 0.021282
3.850000 0.021211 0.021247
3.851667 0.021176 0.021211
3.853333 0.021141 0.021176
3.855000 0.021106 0.021141
3.856667 0.021070 0.021106
3.858333 0.021035 0.021070
3.860000 0.021000 0.021035
3.861667 0.020965 0.021000
3.863333 0.020930 0.020965
3.865000 0.020895 0.020930
3.866667 0.020861 0.020895
3.868333 0.020826 0.020861
3.870000 0.020791 0.020826
3.871667 0.020756 0.020791
3.873333 0.020722 0.020756
3.875000 0.020687 0.020722
3.876667 0.020653 0.020687
3.878333 0.020618 0.020653
3.880000 0.020584 0.020618
3.881667 0.020550 0.020584
3.883333 0.020516 0.020550
3.885000 0.020481 0.020516
3.886667 0.020447 0.020481
3.888333 0.020413 0.020447
3.890000 0.020379 0.020413
3.891667 0.020345 0.020379
3.893333 0.020311 0.020345
3.895000 0.020277 0.020311
3.896667 0.020244 0.020277
3.898333 0.020210 0.020244
3.900000 0.020176 0.020210
3.901667 0.020143 0.020176
3.903333 0.020109 0.020143
3.905000 0.020075 0.020109
3.906667 0.020042 0.020075
3.908333 0.020009 0.020042
3.910000 0.019975 0.020009
3.911667 0.019942 0.019975
3.913333 0.019909 0.019942
3.915000 0.019876 0.019909
3.916667 0.019842 0.019876
3.918333 0.019809 0.019842
3.920000 0.019776 0.019809
3.921667 0.019743 0.019776
3.923333 0.019710 0.019743
3.925000 0.019678 0.019710
3.926667 0.019645 0.019678
3.928333 0.019612 0.019645
3.930000 0.019579 0.019612
3.931667 0.019547 0.019579
3.933333 0.019514 0.019547
3.935000 0.019482 0.019514
3.936667 0.019449 0.019482
3.938333 0.019417 0.019449
3.940000 0.019384 0.019417
3.941667 0.019352 0.019384
3.943333 0.019320 0.019352
3.945000 0.019288 0.019320
3.946667 0.019255 0.019288
3.948333 0.019223 0.019255
3.950000 0.019191 0.019223
3.951667 0.019159 0.019191
3.953333 0.019127 0.019159
3.955000 0.019096 0.019127
3.956667 0.019064 0.019096
3.958333 0.019032 0.019064
3.960000 0.019000 0.019032
3.961667 0.018969 0.019000
3.963333 0.018937 0.018969
3.965000 0.018905 0.018937
3.966667 0.018874 0.018905
3.968333 0.018842 0.018874
3.970000 0.018811 0.018842
3.971667 0.018780 0.018811
3.973333 0.018748 0.018780
3.975000 0.018717 0.018748
3.976667 0.018686 0.018717
3.978333 0.018655 0.018686
3.980000 0.018624 0.018655
3.981667 0.018593 0.018624
3.983333 0.018562 0.018593
3.985000 0.018531 0.018562
3.986667 0.018500 0.018531
3.988333 0.018469 0.018500
3.990000 0.018438 0.018469
3.991667 0.018408 0.018438
3.993333 0.018377 0.018408
3.995000 0.018346 0.018377
3.996667 0.018316 0.018346
3.998333 0.018285 0.018316
4.000000 0.018255 0.018285
4.001667 0.018224 0.018255
4.003333 0.018194 0.018224
4.005000 0.018163 0.018194
4.006667 0.018133 0.018163
4.008333 0.018103 0.018133
4.010000 0.018073 0.018103
4.011667 0.018043 0.018073
4.013333 0.018013 0.018043
4.015000 0.017983 0.018013
4.016667 0.017953 0.017983
4.018333 0.017923 0.017953
4.020000 0.017893 0.017923
4.021667 0.017863 0.017893
4.023333 0.017833 0.017863
4.025000 0.017804 0.017833
4.026667 0.017774 0.017804
4.028333 0.017744 0.017774
4.030000 0.017715 0.017744
4.031667 0.017685 0.017715
4.033333 0.017656 0.017685
4.035000 0.017626 0.017656
4.036667 0.017597 0.017626
4.038333 0.017568 0.017597
4.040000 0.017538 0.017568
4.041667 0.017509 0.017538
4.043333 0.017480 0.017509
4.045000 0.017451 0.017480
4.046667 0.017422 0.017451
4.048333 0.017393 0.017422
4.050000 0.017364 0.017393
4.051667 0.017335 0.017364
4.053333 0.017306 0.017335
4.055000 0.017277 0.017306
4.056667 0.017248 0.017277
4.058333 0.017219 0.017248
4.060000 0.017191 0.017219
4.061667 0.017162 0.017191
4.063333 0.017133 0.017162
4.065000 0.017105 0.017133
4.066667 0.017076 0.017105
4.068333 0.017048 0.017076
4.070000 0.017020 0.017048
4.071667 0.016991 0.017020
4.073333 0.016963 0.016991
4.075000 0.016935 0.016963
4.076667 0.016906 0.016935
4.078333 0.016878 0.016906
4.080000 0.016850 0.016878
4.081667 0.016822 0.016850
4.083333 0.016794 0.016822
4.085000 0.016766 0.016794
4.086667 0.016738 0.016766
4.088333 0.016710 0.016738
4.090000 0.016682 0.016710
4.091667 0.016654 0.016682
4.093333 0.016627 0.016654
4.095000 0.016599 0.016627
4.096667 0.016571 0.016599
4.098333 0.016544 0.016571
4.100000 0.016516 0.016544
4.101667 0.016489 0.016516
4.103333 0.016461 0.016489
4.105000 0.016434 0.016461
4.106667 0.016406 0.016434
4.108333 0.016379 0.016406
4.110000 0.016352 0.016379
4.111667 0.016324 0.016352
4.113333 0.016297 0.016324
4.115000 0.016270 0.016297
4.116667 0.016243 0.016270
4.118333 0.016216 0.016243
4.120000 0.016189 0.016216
4.121667 0.016162 0.016189
4.123333 0.016135 0.016162
4.125000 0.016108 0.016135
4.126667 0.016081 0.016108
4.128333 0.016054 0.016081
4.130000 0.016028 0.016054
4.131667 0.016001 0.016028
4.133333 0.015974 0.016001
4.135000 0.015948 0.015974
4.136667 0.015921 0.015948
4.138333 0.015894 0.015921
4.140000 0.015868 0.015894
4.141667 0.015842 0.015868
4.143333 0.015815 0.015842
4.145000 0.015789 0.015815
4.146667 0.015762 0.015789
4.148333 0.015736 0.015762
4.150000 0.015710 0.015736
4.151667 0.015684 0.015710
4.153333 0.015658 0.015684
4.155000 0.015632 0.015658
4.156667 0.015605 0.015632
4.158333 0.015579 0.015605
4.160000 0.015553 0.015579
4.161667 0.015528 0.015553
4.163333 0.015502 0.015528
4.165000 0.015476 0.015502
4.166667 0.015450 0.015476
4.168333 0.015424 0.015450
4.170000 0.015399 0.015424
4.171667 0.015373 0.015399
4.173333 0.015347 0.015373
4.175000 0.015322 0.015347
4.176667 0.015296 0.015322
4.178333 0.015271 0.015296
4.180000 0.015245 0.015271
4.181667 0.015220 0.015245
4.183333 0.015194 0.015220
4.185000 0.015169 0.015194
4.186667 0.015144 0.015169
4.188333 0.015119 0.015144
4.190000 0.015093 0.015119
4.191667 0.015068 0.015093
4.193333 0.015043 0.015068
4.195000 0.015018 0.015043
4.196667 0.014993 0.015018
4.198333 0.014968 0.014993
4.200000 0.014943 0.014968
4.201667 0.014918 0.014943
4.203333 0.014893 0.014918
4.205000 0.014869 0.014893
4.206667 0.014844 0.014869
4.208333 0.014819 0.014844
4.210000 0.014794 0.014819
4.211667 0.014770 0.014794
4.213333 0.014745 0.014770
4.215000 0.014720 0.014745
4.216667 0.014696 0.014720
4.218333 0.014671 0.014696
4.220000 0.014647 0.014671
4.221667 0.014623 0.014647
4.223333 0.014598 0.014623
4.225000 0.014574 0.014598
4.226667 0.014550 0.014574
4.228333 0.014525 0.014550
4.230000 0.014501 0.014525
4.231667 0.014477 0.014501
4.233333 0.014453 0.014477
4.235000 0.014429 0.014453
4.236667 0.014405 0.014429
4.238333 0.014381 0.014405
4.240000 0.014357 0.014381
4.241667 0.014333 0.014357
4.243333 0.014309 0.014333
4.245000 0.014285 0.014309
4.246667 0.014261 0.014285
4.248333 0.014237 0.014261
4.250000 0.014214 0.014237
4.251667 0.014190 0.014214
4.253333 0.014166 0.014190
4.255000 0.014143 0.014166
4.256667 0.014119 0.014143
4.258333 0.014096 0.014119
4.260000 0.014072 0.014096
4.261667 0.014049 0.014072
4.263333 0.014025 0.014049
4.265000 0.014002 0.014025
4.266667 0.013979 0.014002
4.268333 0.013955 0.013979
4.270000 0.013932 0.013955
4.271667 0.013909 0.013932
4.273333 0.013886 0.013909
4.275000 0.013863 0.013886
4.276667 0.013839 0.013863
4.278333 0.013816 0.013839
4.280000 0.013793 0.013816
4.281667 0.013770 0.013793
4.283333 0.013747 0.013770
4.285000 0.013724 0.013747
4.286667 0.013702 0.013724
4.288333 0.013679 0.013702
4.290000 0.013656 0.013679
4.291667 0.013633 0.013656
4.293333 0.013610 0.013633
4.295000 0.013588 0.013610
4.296667 0.013565 0.013588
4.298333 0.013543 0.013565
4.300000 0.013520 0.013543
4.301667 0.013497 0.013520
4.303333 0.013475 0.013497
4.305000 0.013452 0.013475
4.306667 0.013430 0.013452
4.308333 0.013408 0.013430
4.310000 0.013385 0.013408
4.311667 0.013363 0.013385
4.313333 0.013341 0.013363
4.315000 0.013319 0.013341
4.316667 0.013296 0.013319
4.318333 0.013274 0.013296
4.320000 0.013252 0.013274
4.321667 0.013230 0.013252
4.323333 0.013208 0.013230
4.325000 0.013186 0.013208
4.326667 0.013164 0.013186
4.328333 0.013142 0.013164
4.330000 0.013120 0.013142
4.331667 0.013098 0.013120
4.333333 0.013076 0.013098
4.335000 0.013055 0.013076
4.336667 0.013033 0.013055
4.338333 0.013011 0.013033
4.340000 0.012989 0.013011
4.341667 0.012968 0.012989
4.343333 0.012946 0.012968
4.345000 0.012925 0.012946
4.346667 0.012903 0.012925
4.348333 0.012882 0.012903
4.350000 0.012860 0.012882
4.351667 0.012839 0.012860
4.353333 0.012817 0.012839
4.355000 0.012796 0.012817
4.356667 0.012775 0.012796
4.358333 0.012753 0.012775
4.360000 0.012732 0.012753
4.361667 0.012711 0.012732
4.363333 0.012690 0.012711
4.365000 0.012668 0.012690
4.366667 0.012647 0.012668
4.368333 0.012626 0.012647
4.370000 0.012605 0.012626
4.371667 0.012584 0.012605
4.373333 0.012563 0.012584
4.375000 0.012542 0.012563
4.376667 0.012521 0.012542
4.378333 0.012501 0.012521
4.380000 0.012480 0.012501
4.381667 0.012459 0.012480
4.383333 0.012438 0.012459
4.385000 0.012417 0.012438
4.386667 0.012397 0.012417
4.388333 0.012376 0.012397
4.390000 0.012355 0.012376
4.391667 0.012335 0.012355
4.393333 0.012314 0.012335
4.395000 0.012294 0.012314
4.396667 0.012273 0.012294
4.398333 0.012253 0.012273
4.400000 0.012232 0.012253
4.401667 0.012212 0.012232
4.403333 0.012192 0.012212
4.405000 0.012171 0.012192
4.406667 0.012151 0.012171
4.408333 0.012131 0.012151
4.410000 0.012111 0.012131
4.411667 0.012090 0.012111
4.413333 0.012070 0.012090
4.415000 0.012050 0.012070
4.416667 0.012030 0.012050
4.418333 0.012010 0.012030
4.420000 0.011990 0.012010
4.421667 0.011970 0.011990
4.423333 0.011950 0.011970
4.425000 0.011930 0.011950
4.426667 0.011910 0.011930
4.428333 0.011890 0.011910
4.430000 0.011871 0.011890
4.431667 0.011851 0.011871
4.433333 0.011831 0.011851
4.435000 0.011811 0.011831
4.436667 0.011792 0.011811
4.438333 0.011772 0.011792
4.440000 0.011752 0.011772
4.441667 0.011733 0.011752
4.443333 0.011713 0.011733
4.445000 0.011694 0.011713
4.446667 0.011674 0.011694
4.448333 0.011655 0.011674
4.450000 0.011635 0.011655
4.451667 0.011616 0.011635
4.453333 0.011597 0.011616
4.455000 0.011577 0.011597
4.456667 0.011558 0.011577
4.458333 0.011539 0.011558
4.460000 0.011519 0.011539
4.461667 0.011500 0.011519
4.463333 0.011481 0.011500
4.465000 0.011462 0.011481
4.466667 0.011443 0.011462
4.468333 0.011424 0.011443
4.470000 0.011405 0.011424
4.471667 0.011386 0.011405
4.473333 0.011367 0.011386
4.475000 0.011348 0.011367
4.476667 0.011329 0.011348
4.478333 0.011310 0.011329
4.480000 0.011291 0.011310
4.481667 0.011272 0.011291
4.483333 0.011254 0.011272
4.485000 0.011235 0.011254
4.486667 0.011216 0.011235
4.488333 0.011197 0.011216
4.490000 0.011179 0.011197
4.491667 0.011160 0.011179
4.493333 0.011141 0.011160
4.495000 0.011123 0.011141
4.496667 0.011104 0.011123
4.498333 0.011086 0.011104
4.500000 0.011067 0.011086
4.501667 0.011049 0.011067
4.503333 0.011031 0.011049
4.505000 0.011012 0.011031
4.506667 0.010994 0.011012
4.508333 0.010975 0.010994
4.510000 0.010957 0.010975
4.511667 0.010939 0.010957
4.513333 0.010921 0.010939
4.515000 0.010902 0.010921
4.516667 0.010884 0.010902
4.518333 0.010866 0.010884
4.520000 0.010848 0.010866
4.521667 0.010830 0.010848
4.523333 0.010812 0.010830
4.525000 0.010794 0.010812
4.526667 0.010776 0.010794
4.528333 0.010758 0.010776
4.530000 0.010740 0.010758
4.531667 0.010722 0.010740
4.533333 0.010704 0.010722
4.535000 0.010686 0.010704
4.536667 0.010669 0.010686
4.538333 0.010651 0.010669
4.540000 0.010633 0.010651
4.541667 0.010615 0.010633
4.543333 0.010598 0.010615
4.545000 0.010580 0.010598
4.546667 0.010562 0.010580
4.548333 0.010545 0.010562
4.550000 0.010527 0.010545
4.551667 0.010510 0.010527
4.553333 0.010492 0.010510
4.555000 0.010475 0.010492
4.556667 0.010457 0.010475
4.558333 0.010440 0.010457
4.560000 0.010422 0.010440
4.561667 0.010405 0.010422
4.563333 0.010388 0.010405
4.565000 0.010370 0.010388
4.566667 0.010353 0.010370
4.568333 0.010336 0.010353
4.570000 0.010319 0.010336
4.571667 0.010301 0.010319
4.573333 0.010284 0.010301
4.575000 0.010267 0.010284
4.576667 0.010250 0.010267
4.578333 0.010233 0.010250
4.580000 0.010216 0.010233
4.581667 0.010199 0.010216
4.583333 0.010182 0.010199
4.585000 0.010165 0.010182
4.586667 0.010148 0.010165
4.588333 0.010131 0.010148
4.590000 0.010114 0.010131
4.591667 0.010097 0.010114
4.593333 0.010080 0.010097
4.595000 0.010064 0.010080
4.596667 0.010047 0.010064
4.598333 0.010030 0.010047
4.600000 0.010013 0.010030
4.601667 0.009997 0.010013
4.603333 0.009980 0.009997
4.605000 0.009963 0.009980
4.606667 0.009947 0.009963
4.608333 0.009930 0.009947
4.610000 0.009914 0.009930
4.611667 0.009897 0.009914
4.613333 0.009881 0.009897
4.615000 0.009864 0.009881
4.616667 0.009848 0.009864
4.618333 0.009831 0.009848
4.620000 0.009815 0.009831
4.621667 0.009799 0.009815
4.623333 0.009782 0.009799
4.625000 0.009766 0.009782
4.626667 0.009750 0.009766
4.628333 0.009733 0.009750
4.630000 0.009717 0.009733
4.631667 0.009701 0.009717
4.633333 0.009685 0.009701
4.635000 0.009669 0.009685
4.636667 0.009653 0.009669
4.638333 0.009636 0.009653
4.640000 0.009620 0.009636
4.641667 0.009604 0.009620
4.643333 0.009588 0.009604
4.645000 0.009572 0.009588
4.646667 0.009556 0.009572
4.648333 0.009540 0.009556
4.650000 0.009525 0.009540
4.651667 0.009509 0.009525
4.653333 0.009493 0.009509
4.655000 0.009477 0.009493
4.656667 0.009461 0.009477
4.658333 0.009445 0.009461
4.660000 0.009430 0.009445
4.661667 0.009414 0.009430
4.663333 0.009398 0.009414
4.665000 0.009383 0.009398
4.666667 0.009367 0.009383
4.668333 0.009351 0.009367
4.670000 0.009336 0.009351
4.671667 0.009320 0.009336
4.673333 0.009305 0.009320
4.675000 0.009289 0.009305
4.676667 0.009274 0.009289
4.678333 0.009258 0.009274
4.680000 0.009243 0.009258
4.681667 0.009227 0.009243
4.683333 0.009212 0.009227
4.685000 0.009197 0.009212
4.686667 0.009181 0.009197
4.688333 0.009166 0.009181
4.690000 0.009151 0.009166
4.691667 0.009136 0.009151
4.693333 0.009120 0.009136
4.695000 0.009105 0.009120
4.696667 0.009090 0.009105
4.698333 0.009075 0.009090
4.700000 0.009060 0.009075
4.701667 0.009045 0.009060
4.703333 0.009030 0.009045
4.705000 0.009014 0.009030
4.706667 0.008999 0.009014
4.708333 0.008984 0.008999
4.710000 0.008969 0.008984
4.711667 0.008955 0.008969
4.713333 0.008940 0.008955
4.715000 0.008925 0.008940
4.716667 0.008910 0.008925
4.718333 0.008895 0.008910
4.720000 0.008880 0.008895
4.721667 0.008865 0.008880
4.723333 0.008851 0.008865
4.725000 0.008836 0.008851
4.726667 0.008821 0.008836
4.728333 0.008806 0.008821
4.730000 0.008792 0.008806
4.731667 0.008777 0.008792
4.733333 0.008762 0.008777
4.735000 0.008748 0.008762
4.736667 0.008733 0.008748
4.738333 0.008719 0.008733
4.740000 0.008704 0.008719
4.741667 0.008690 0.008704
4.743333 0.008675 0.008690
4.745000 0.008661 0.008675
4.746667 0.008646 0.008661
4.748333 0.008632 0.008646
4.750000 0.008617 0.008632
4.751667 0.008603 0.008617
4.753333 0.008589 0.008603
4.755000 0.008574 0.008589
4.756667 0.008560 0.008574
4.758333 0.008546 0.008560
4.760000 0.008532 0.008546
4.761667 0.008517 0.008532
4.763333 0.008503 0.008517
4.765000 0.008489 0.008503
4.766667 0.008475 0.008489
4.768333 0.008461 0.008475
4.770000 0.008447 0.008461
4.771667 0.008433 0.008447
4.773333 0.008419 0.008433
4.775000 0.008405 0.008419
4.776667 0.008391 0.008405
4.778333 0.008377 0.008391
4.780000 0.008363 0.008377
4.781667 0.008349 0.008363
4.783333 0.008335 0.008349
4.785000 0.008321 0.008335
4.786667 0.008307 0.008321
4.788333 0.008293 0.008307
4.790000 0.008279 0.008293
4.791667 0.008266 0.008279
4.793333 0.008252 0.008266
4.795000 0.008238 0.008252
4.796667 0.008224 0.008238
4.798333 0.008211 0.008224
4.800000 0.008197 0.008211
4.801667 0.008183 0.008197
4.803333 0.008170 0.008183
4.805000 0.008156 0.008170
4.806667 0.008142 0.008156
4.808333 0.008129 0.008142
4.810000 0.008115 0.008129
4.811667 0.008102 0.008115
4.813333 0.008088 0.008102
4.815000 0.008075 0.008088
4.816667 0.008061 0.008075
4.818333 0.008048 0.008061
4.820000 0.008034 0.008048
4.821667 0.008021 0.008034
4.823333 0.008008 0.008021
4.825000 0.007994 0.008008
4.826667 0.007981 0.007994
4.828333 0.007968 0.007981
4.830000 0.007954 0.007968
4.831667 0.007941 0.007954
4.833333 0.007928 0.007941
4.835000 0.007915 0.007928
4.836667 0.007902 0.007915
4.838333 0.007888 0.007902
4.840000 0.007875 0.007888
4.841667 0.007862 0.007875
4.843333 0.007849 0.007862
4.845000 0.007836 0.007849
4.846667 0.007823 0.007836
4.848333 0.007810 0.007823
4.850000 0.007797 0.007810
4.851667 0.007784 0.007797
4.853333 0.007771 0.007784
4.855000 0.007758 0.007771
4.856667 0.007745 0.007758
4.858333 0.007732 0.007745
4.860000 0.007719 0.007732
4.861667 0.007706 0.007719
4.863333 0.007693 0.007706
4.865000 0.007681 0.007693
4.866667 0.007668 0.007681
4.868333 0.007655 0.007668
4.870000 0.007642 0.007655
4.871667 0.007630 0.007642
4.873333 0.007617 0.007630
4.875000 0.007604 0.007617
4.876667 0.007591 0.007604
4.878333 0.007579 0.007591
4.880000 0.007566 0.007579
4.881667 0.007554 0.007566
4.883333 0.007541 0.007554
4.885000 0.007528 0.007541
4.886667 0.007516 0.007528
4.888333 0.007503 0.007516
4.890000 0.007491 0.007503
4.891667 0.007478 0.007491
4.893333 0.007466 0.007478
4.895000 0.007453 0.007466
4.896667 0.007441 0.007453
4.898333 0.007429 0.007441
4.900000 0.007416 0.007429
4.901667 0.007404 0.007416
4.903333 0.007392 0.007404
4.905000 0.007379 0.007392
4.906667 0.007367 0.007379
4.908333 0.007355 0.007367
4.910000 0.007342 0.007355
4.911667 0.007330 0.007342
4.913333 0.007318 0.007330
4.915000 0.007306 0.007318
4.916667 0.007294 0.007306
4.918333 0.007281 0.007294
4.920000 0.007269 0.007281
4.921667 0.007257 0.007269
4.923333 0.007245 0.007257
4.925000 0.007233 0.007245
4.926667 0.007221 0.007233
4.928333 0.007209 0.007221
4.930000 0.007197 0.007209
4.931667 0.007185 0.007197
4.933333 0.007173 0.007185
4.935000 0.007161 0.007173
4.936667 0.007149 0.007161
4.938333 0.007137 0.007149
4.940000 0.007125 0.007137
4.941667 0.007113 0.007125
4.943333 0.007101 0.007113
4.945000 0.007090 0.007101
4.946667 0.007078 0.007090
4.948333 0.007066 0.007078
4.950000 0.007054 0.007066
4.951667 0.007042 0.007054
4.953333 0.007031 0.007042
4.955000 0.007019 0.007031
4.956667 0.007007 0.007019
4.958333 0.006996 0.007007
4.960000 0.006984 0.006996
4.961667 0.006972 0.006984
4.963333 0.006961 0.006972
4.965000 0.006949 0.006961
4.966667 0.006938 0.006949
4.968333 0.006926 0.006938
4.970000 0.006914 0.006926
4.971667 0.006903 0.006914
4.973333 0.006891 0.006903
4.975000 0.006880 0.006891
4.976667 0.006868 0.006880
4.978333 0.006857 0.006868
4.980000 0.006846 0.006857
4.981667 0.006834 0.006846
4.983333 0.006823 0.006834
4.985000 0.006811 0.006823
4.986667 0.006800 0.006811
4.988333 0.006789 0.006800
4.990000 0.006777 0.006789
4.991667 0.006766 0.006777
4.993333 0.006755 0.006766
4.995000 0.006744 0.006755
4.996667 0.006732 0.006744
4.998333 0.006721 0.006732
5.000000 0.006710 0.006721
