0.000000 0.000000 1.000000
0.001667 0.000914 0.999086
0.003333 0.001828 0.998172
0.005000 0.002741 0.997259
0.006667 0.003654 0.996346
0.008333 0.004566 0.995434
0.010000 0.005478 0.994522
0.011667 0.006389 0.993611
0.013333 0.007300 0.992700
0.015000 0.008210 0.991790
0.016667 0.009119 0.990881
0.018333 0.010028 0.989972
0.020000 0.010937 0.989063
0.021667 0.011845 0.988155
0.023333 0.012752 0.987248
0.025000 0.013659 0.986341
0.026667 0.014565 0.985435
0.028333 0.015471 0.984529
0.030000 0.016377 0.983623
0.031667 0.017281 0.982719
0.033333 0.018186 0.981814
0.035000 0.019089 0.980911
0.036667 0.019993 0.980007
0.038333 0.020895 0.979105
0.040000 0.021797 0.978203
0.041667 0.022699 0.977301
0.043333 0.023600 0.976400
0.045000 0.024501 0.975499
0.046667 0.025401 0.974599
0.048333 0.026300 0.973700
0.050000 0.027199 0.972801
0.051667 0.028098 0.971902
0.053333 0.028995 0.971005
0.055000 0.029893 0.970107
0.056667 0.030790 0.969210
0.058333 0.031686 0.968314
0.060000 0.032582 0.967418
0.061667 0.033477 0.966523
0.063333 0.034372 0.965628
0.065000 0.035266 0.964734
0.066667 0.036160 0.963840
0.068333 0.037053 0.962947
0.070000 0.037945 0.962055
0.071667 0.038837 0.961163
0.073333 0.039729 0.960271
0.075000 0.040620 0.959380
0.076667 0.041510 0.958490
0.078333 0.042400 0.957600
0.080000 0.043290 0.956710
0.081667 0.044178 0.955822
0.083333 0.045067 0.954933
0.085000 0.045955 0.954045
0.086667 0.046842 0.953158
0.088333 0.047729 0.952271
0.090000 0.048615 0.951385
0.091667 0.049500 0.950500
0.093333 0.050385 0.949615
0.095000 0.051270 0.948730
0.096667 0.052154 0.947846
0.098333 0.053038 0.946962
0.100000 0.053920 0.946080
0.101667 0.054803 0.945197
0.103333 0.055685 0.944315
0.105000 0.056566 0.943434
0.106667 0.057447 0.942553
0.108333 0.058327 0.941673
0.110000 0.059207 0.940793
0.111667 0.060086 0.939914
0.113333 0.060965 0.939035
0.115000 0.061843 0.938157
0.116667 0.062721 0.937279
0.118333 0.063598 0.936402
0.120000 0.064474 0.935526
0.121667 0.065350 0.934650
0.123333 0.066226 0.933774
0.125000 0.067101 0.932899
0.126667 0.067975 0.932025
0.128333 0.068849 0.931151
0.130000 0.069722 0.930278
0.131667 0.070595 0.929405
0.133333 0.071467 0.928533
0.135000 0.072339 0.927661
0.136667 0.073210 0.926790
0.138333 0.074080 0.925920
0.140000 0.074950 0.925050
0.141667 0.075820 0.924180
0.143333 0.076689 0.923311
0.145000 0.077557 0.922443
0.146667 0.078425 0.921575
0.148333 0.079293 0.920707
0.150000 0.080159 0.919841
0.151667 0.081026 0.918974
0.153333 0.081891 0.918109
0.155000 0.082757 0.917243
0.156667 0.083621 0.916379
0.158333 0.084485 0.915515
0.160000 0.085349 0.914651
0.161667 0.086212 0.913788
0.163333 0.087074 0.912926
0.165000 0.087936 0.912064
0.166667 0.088798 0.911202
0.168333 0.089659 0.910341
0.170000 0.090519 0.909481
0.171667 0.091379 0.908621
0.173333 0.092238 0.907762
0.175000 0.093097 0.906903
0.176667 0.093955 0.906045
0.178333 0.094812 0.905188
0.180000 0.095669 0.904331
0.181667 0.096526 0.903474
0.183333 0.097382 0.902618
0.185000 0.098237 0.901763
0.186667 0.099092 0.900908
0.188333 0.099946 0.900054
0.190000 0.100800 0.899200
0.191667 0.101654 0.898346
0.193333 0.102506 0.897494
0.195000 0.103358 0.896642
0.196667 0.104210 0.895790
0.198333 0.105061 0.894939
0.200000 0.105912 0.894088
0.201667 0.106762 0.893238
0.203333 0.107611 0.892389
0.205000 0.108460 0.891540
0.206667 0.109308 0.890692
0.208333 0.110156 0.889844
0.210000 0.111003 0.888997
0.211667 0.111850 0.888150
0.213333 0.112696 0.887304
0.215000 0.113542 0.886458
0.216667 0.114387 0.885613
0.218333 0.115231 0.884769
0.220000 0.116075 0.883925
0.221667 0.116919 0.883081
0.223333 0.117762 0.882238
0.225000 0.118604 0.881396
0.226667 0.119446 0.880554
0.228333 0.120287 0.879713
0.230000 0.121128 0.878872
0.231667 0.121968 0.878032
0.233333 0.122807 0.877193
0.235000 0.123646 0.876354
0.236667 0.124485 0.875515
0.238333 0.125323 0.874677
0.240000 0.126160 0.873840
0.241667 0.126997 0.873003
0.243333 0.127833 0.872167
0.245000 0.128669 0.871331
0.246667 0.129504 0.870496
0.248333 0.130339 0.869661
0.250000 0.131173 0.868827
0.251667 0.132007 0.867993
0.253333 0.132840 0.867160
0.255000 0.133672 0.866328
0.256667 0.134504 0.865496
0.258333 0.135335 0.864665
0.260000 0.136166 0.863834
0.261667 0.136996 0.863004
0.263333 0.137826 0.862174
0.265000 0.138655 0.861345
0.266667 0.139484 0.860516
0.268333 0.140312 0.859688
0.270000 0.141139 0.858861
0.271667 0.141966 0.858034
0.273333 0.142793 0.857207
0.275000 0.143619 0.856381
0.276667 0.144444 0.855556
0.278333 0.145269 0.854731
0.280000 0.146093 0.853907
0.281667 0.146916 0.853084
0.283333 0.147740 0.852260
0.285000 0.148562 0.851438
0.286667 0.149384 0.850616
0.288333 0.150205 0.849795
0.290000 0.151026 0.848974
0.291667 0.151847 0.848153
0.293333 0.152666 0.847334
0.295000 0.153486 0.846514
0.296667 0.154304 0.845696
0.298333 0.155123 0.844877
0.300000 0.155940 0.844060
0.301667 0.156757 0.843243
0.303333 0.157574 0.842426
0.305000 0.158389 0.841611
0.306667 0.159205 0.840795
0.308333 0.160020 0.839980
0.310000 0.160834 0.839166
0.311667 0.161648 0.838352
0.313333 0.162461 0.837539
0.315000 0.163273 0.836727
0.316667 0.164085 0.835915
0.318333 0.164897 0.835103
0.320000 0.165708 0.834292
0.321667 0.166518 0.833482
0.323333 0.167328 0.832672
0.325000 0.168137 0.831863
0.326667 0.168946 0.831054
0.328333 0.169754 0.830246
0.330000 0.170562 0.829438
0.331667 0.171369 0.828631
0.333333 0.172175 0.827825
0.335000 0.172981 0.827019
0.336667 0.173787 0.826213
0.338333 0.174591 0.825409
0.340000 0.175396 0.824604
0.341667 0.176199 0.823801
0.343333 0.177002 0.822998
0.345000 0.177805 0.822195
0.346667 0.178607 0.821393
0.348333 0.179409 0.820591
0.350000 0.180210 0.819790
0.351667 0.181010 0.818990
0.353333 0.181810 0.818190
0.355000 0.182609 0.817391
0.356667 0.183408 0.816592
0.358333 0.184206 0.815794
0.360000 0.185003 0.814997
0.361667 0.185801 0.814199
0.363333 0.186597 0.813403
0.365000 0.187393 0.812607
0.366667 0.188188 0.811812
0.368333 0.188983 0.811017
0.370000 0.189777 0.810223
0.371667 0.190571 0.809429
0.373333 0.191364 0.808636
0.375000 0.192157 0.807843
0.376667 0.192949 0.807051
0.378333 0.193740 0.806260
0.380000 0.194531 0.805469
0.381667 0.195322 0.804678
0.383333 0.196111 0.803889
0.385000 0.196901 0.803099
0.386667 0.197689 0.802311
0.388333 0.198477 0.801523
0.390000 0.199265 0.800735
0.391667 0.200052 0.799948
0.393333 0.200838 0.799162
0.395000 0.201624 0.798376
0.396667 0.202410 0.797590
0.398333 0.203194 0.796806
0.400000 0.203979 0.796021
0.401667 0.204762 0.795238
0.403333 0.205545 0.794455
0.405000 0.206328 0.793672
0.406667 0.207110 0.792890
0.408333 0.207891 0.792109
0.410000 0.208672 0.791328
0.411667 0.209452 0.790548
0.413333 0.210232 0.789768
0.415000 0.211011 0.788989
0.416667 0.211790 0.788210
0.418333 0.212568 0.787432
0.420000 0.213345 0.786655
0.421667 0.214122 0.785878
0.423333 0.214899 0.785101
0.425000 0.215675 0.784325
0.426667 0.216450 0.783550
0.428333 0.217225 0.782775
0.430000 0.217999 0.782001
0.431667 0.218772 0.781228
0.433333 0.219545 0.780455
0.435000 0.220318 0.779682
0.436667 0.221090 0.778910
0.438333 0.221861 0.778139
0.440000 0.222632 0.777368
0.441667 0.223402 0.776598
0.443333 0.224172 0.775828
0.445000 0.224941 0.775059
0.446667 0.225709 0.774291
0.448333 0.226477 0.773523
0.450000 0.227245 0.772755
0.451667 0.228012 0.771988
0.453333 0.228778 0.771222
0.455000 0.229544 0.770456
0.456667 0.230309 0.769691
0.458333 0.231073 0.768927
0.460000 0.231837 0.768163
0.461667 0.232601 0.767399
0.463333 0.233364 0.766636
0.465000 0.234126 0.765874
0.466667 0.234888 0.765112
0.468333 0.235649 0.764351
0.470000 0.236410 0.763590
0.471667 0.237170 0.762830
0.473333 0.237930 0.762070
0.475000 0.238689 0.761311
0.476667 0.239447 0.760553
0.478333 0.240205 0.759795
0.480000 0.240962 0.759038
0.481667 0.241719 0.758281
0.483333 0.242475 0.757525
0.485000 0.243231 0.756769
0.486667 0.243986 0.756014
0.488333 0.244740 0.755260
0.490000 0.245494 0.754506
0.491667 0.246248 0.753752
0.493333 0.247000 0.753000
0.495000 0.247753 0.752247
0.496667 0.248504 0.751496
0.498333 0.249255 0.750745
0.500000 0.250006 0.749994
0.501667 0.250756 0.749244
0.503333 0.251505 0.748495
0.505000 0.252254 0.747746
0.506667 0.253003 0.746997
0.508333 0.253750 0.746250
0.510000 0.254498 0.745502
0.511667 0.255244 0.744756
0.513333 0.255990 0.744010
0.515000 0.256736 0.743264
0.516667 0.257481 0.742519
0.518333 0.258225 0.741775
0.520000 0.258969 0.741031
0.521667 0.259712 0.740288
0.523333 0.260455 0.739545
0.525000 0.261197 0.738803
0.526667 0.261938 0.738062
0.528333 0.262679 0.737321
0.530000 0.263420 0.736580
0.531667 0.264160 0.735840
0.533333 0.264899 0.735101
0.535000 0.265638 0.734362
0.536667 0.266376 0.733624
0.538333 0.267113 0.732887
0.540000 0.267850 0.732150
0.541667 0.268587 0.731413
0.543333 0.269323 0.730677
0.545000 0.270058 0.729942
0.546667 0.270793 0.729207
0.548333 0.271527 0.728473
0.550000 0.272261 0.727739
0.551667 0.272994 0.727006
0.553333 0.273727 0.726273
0.555000 0.274458 0.725542
0.556667 0.275190 0.724810
0.558333 0.275921 0.724079
0.560000 0.276651 0.723349
0.561667 0.277381 0.722619
0.563333 0.278110 0.721890
0.565000 0.278838 0.721162
0.566667 0.279566 0.720434
0.568333 0.280294 0.719706
0.570000 0.281021 0.718979
0.571667 0.281747 0.718253
0.573333 0.282473 0.717527
0.575000 0.283198 0.716802
0.576667 0.283923 0.716077
0.578333 0.284647 0.715353
0.580000 0.285370 0.714630
0.581667 0.286093 0.713907
0.583333 0.286816 0.713184
0.585000 0.287537 0.712463
0.586667 0.288259 0.711741
0.588333 0.288979 0.711021
0.590000 0.289700 0.710300
0.591667 0.290419 0.709581
0.593333 0.291138 0.708862
0.595000 0.291856 0.708144
0.596667 0.292574 0.707426
0.598333 0.293292 0.706708
0.600000 0.294008 0.705992
0.601667 0.294725 0.705275
0.603333 0.295440 0.704560
0.605000 0.296155 0.703845
0.606667 0.296870 0.703130
0.608333 0.297584 0.702416
0.610000 0.298297 0.701703
0.611667 0.299010 0.700990
0.613333 0.299722 0.700278
0.615000 0.300434 0.699566
0.616667 0.301145 0.698855
0.618333 0.301855 0.698145
0.620000 0.302565 0.697435
0.621667 0.303275 0.696725
0.623333 0.303983 0.696017
0.625000 0.304692 0.695308
0.626667 0.305399 0.694601
0.628333 0.306107 0.693893
0.630000 0.306813 0.693187
0.631667 0.307519 0.692481
0.633333 0.308225 0.691775
0.635000 0.308929 0.691071
0.636667 0.309634 0.690366
0.638333 0.310337 0.689663
0.640000 0.311041 0.688959
0.641667 0.311743 0.688257
0.643333 0.312445 0.687555
0.645000 0.313147 0.686853
0.646667 0.313848 0.686152
0.648333 0.314548 0.685452
0.650000 0.315248 0.684752
0.651667 0.315947 0.684053
0.653333 0.316646 0.683354
0.655000 0.317344 0.682656
0.656667 0.318041 0.681959
0.658333 0.318738 0.681262
0.660000 0.319435 0.680565
0.661667 0.320131 0.679869
0.663333 0.320826 0.679174
0.665000 0.321521 0.678479
0.666667 0.322215 0.677785
0.668333 0.322908 0.677092
0.670000 0.323602 0.676398
0.671667 0.324294 0.675706
0.673333 0.324986 0.675014
0.675000 0.325677 0.674323
0.676667 0.326368 0.673632
0.678333 0.327058 0.672942
0.680000 0.327748 0.672252
0.681667 0.328437 0.671563
0.683333 0.329125 0.670875
0.685000 0.329813 0.670187
0.686667 0.330501 0.669499
0.688333 0.331188 0.668812
0.690000 0.331874 0.668126
0.691667 0.332560 0.667440
0.693333 0.333245 0.666755
0.695000 0.333929 0.666071
0.696667 0.334613 0.665387
0.698333 0.335297 0.664703
0.700000 0.335980 0.664020
0.701667 0.336662 0.663338
0.703333 0.337344 0.662656
0.705000 0.338025 0.661975
0.706667 0.338705 0.661295
0.708333 0.339385 0.660615
0.710000 0.340065 0.659935
0.711667 0.340744 0.659256
0.713333 0.341422 0.658578
0.715000 0.342100 0.657900
0.716667 0.342777 0.657223
0.718333 0.343454 0.656546
0.720000 0.344130 0.655870
0.721667 0.344806 0.655194
0.723333 0.345481 0.654519
0.725000 0.346155 0.653845
0.726667 0.346829 0.653171
0.728333 0.347502 0.652498
0.730000 0.348175 0.651825
0.731667 0.348847 0.651153
0.733333 0.349519 0.650481
0.735000 0.350190 0.649810
0.736667 0.350860 0.649140
0.738333 0.351530 0.648470
0.740000 0.352199 0.647801
0.741667 0.352868 0.647132
0.743333 0.353536 0.646464
0.745000 0.354204 0.645796
0.746667 0.354871 0.645129
0.748333 0.355538 0.644462
0.750000 0.356204 0.643796
0.751667 0.356869 0.643131
0.753333 0.357534 0.642466
0.755000 0.358198 0.641802
0.756667 0.358862 0.641138
0.758333 0.359525 0.640475
0.760000 0.360188 0.639812
0.761667 0.360850 0.639150
0.763333 0.361511 0.638489
0.765000 0.362172 0.637828
0.766667 0.362832 0.637168
0.768333 0.363492 0.636508
0.770000 0.364151 0.635849
0.771667 0.364810 0.635190
0.773333 0.365468 0.634532
0.775000 0.366126 0.633874
0.776667 0.366783 0.633217
0.778333 0.367439 0.632561
0.780000 0.368095 0.631905
0.781667 0.368750 0.631250
0.783333 0.369405 0.630595
0.785000 0.370059 0.629941
0.786667 0.370713 0.629287
0.788333 0.371366 0.628634
0.790000 0.372018 0.627982
0.791667 0.372670 0.627330
0.793333 0.373322 0.626678
0.795000 0.373972 0.626028
0.796667 0.374623 0.625377
0.798333 0.375272 0.624728
0.800000 0.375921 0.624079
0.801667 0.376570 0.623430
0.803333 0.377218 0.622782
0.805000 0.377865 0.622135
0.806667 0.378512 0.621488
0.808333 0.379159 0.620841
0.810000 0.379804 0.620196
0.811667 0.380450 0.619550
0.813333 0.381094 0.618906
0.815000 0.381738 0.618262
0.816667 0.382382 0.617618
0.818333 0.383025 0.616975
0.820000 0.383667 0.616333
0.821667 0.384309 0.615691
0.823333 0.384950 0.615050
0.825000 0.385591 0.614409
0.826667 0.386231 0.613769
0.828333 0.386871 0.613129
0.830000 0.387510 0.612490
0.831667 0.388148 0.611852
0.833333 0.388786 0.611214
0.835000 0.389423 0.610577
0.836667 0.390060 0.609940
0.838333 0.390696 0.609304
0.840000 0.391332 0.608668
0.841667 0.391967 0.608033
0.843333 0.392602 0.607398
0.845000 0.393236 0.606764
0.846667 0.393869 0.606131
0.848333 0.394502 0.605498
0.850000 0.395134 0.604866
0.851667 0.395766 0.604234
0.853333 0.396397 0.603603
0.855000 0.397028 0.602972
0.856667 0.397658 0.602342
0.858333 0.398288 0.601712
0.860000 0.398917 0.601083
0.861667 0.399545 0.600455
0.863333 0.400173 0.599827
0.865000 0.400800 0.599200
0.866667 0.401427 0.598573
0.868333 0.402053 0.597947
0.870000 0.402679 0.597321
0.871667 0.403304 0.596696
0.873333 0.403928 0.596072
0.875000 0.404552 0.595448
0.876667 0.405176 0.594824
0.878333 0.405798 0.594202
0.880000 0.406421 0.593579
0.881667 0.407042 0.592958
0.883333 0.407664 0.592336
0.885000 0.408284 0.591716
0.886667 0.408904 0.591096
0.888333 0.409524 0.590476
0.890000 0.410143 0.589857
0.891667 0.410761 0.589239
0.893333 0.411379 0.588621
0.895000 0.411996 0.588004
0.896667 0.412613 0.587387
0.898333 0.413229 0.586771
0.900000 0.413845 0.586155
0.901667 0.414460 0.585540
0.903333 0.415074 0.584926
0.905000 0.415688 0.584312
0.906667 0.416302 0.583698
0.908333 0.416914 0.583086
0.910000 0.417527 0.582473
0.911667 0.418138 0.581862
0.913333 0.418750 0.581250
0.915000 0.419360 0.580640
0.916667 0.419970 0.580030
0.918333 0.420580 0.579420
0.920000 0.421189 0.578811
0.921667 0.421797 0.578203
0.923333 0.422405 0.577595
0.925000 0.423012 0.576988
0.926667 0.423619 0.576381
0.928333 0.424225 0.575775
0.930000 0.424831 0.575169
0.931667 0.425436 0.574564
0.933333 0.426040 0.573960
0.935000 0.426644 0.573356
0.936667 0.427248 0.572752
0.938333 0.427851 0.572149
0.940000 0.428453 0.571547
0.941667 0.429055 0.570945
0.943333 0.429656 0.570344
0.945000 0.430257 0.569743
0.946667 0.430857 0.569143
0.948333 0.431456 0.568544
0.950000 0.432055 0.567945
0.951667 0.432654 0.567346
0.953333 0.433251 0.566749
0.955000 0.433849 0.566151
0.956667 0.434446 0.565554
0.958333 0.435042 0.564958
0.960000 0.435638 0.564362
0.961667 0.436233 0.563767
0.963333 0.436827 0.563173
0.965000 0.437421 0.562579
0.966667 0.438015 0.561985
0.968333 0.438608 0.561392
0.970000 0.439200 0.560800
0.971667 0.439792 0.560208
0.973333 0.440383 0.559617
0.975000 0.440974 0.559026
0.976667 0.441564 0.558436
0.978333 0.442154 0.557846
0.980000 0.442743 0.557257
0.981667 0.443331 0.556669
0.983333 0.443919 0.556081
0.985000 0.444507 0.555493
0.986667 0.445094 0.554906
0.988333 0.445680 0.554320
0.990000 0.446266 0.553734
0.991667 0.446851 0.553149
0.993333 0.447436 0.552564
0.995000 0.448020 0.551980
0.996667 0.448603 0.551397
0.998333 0.449186 0.550814
1.000000 0.449769 0.550231
1.001667 0.450351 0.549649
1.003333 0.450932 0.549068
1.005000 0.451513 0.548487
1.006667 0.452093 0.547907
1.008333 0.452673 0.547327
1.010000 0.453252 0.546748
1.011667 0.453831 0.546169
1.013333 0.454409 0.545591
1.015000 0.454987 0.545013
1.016667 0.455564 0.544436
1.018333 0.456140 0.543860
1.020000 0.456716 0.543284
1.021667 0.457292 0.542708
1.023333 0.457866 0.542134
1.025000 0.458441 0.541559
1.026667 0.459014 0.540986
1.028333 0.459588 0.540412
1.030000 0.460160 0.539840
1.031667 0.460732 0.539268
1.033333 0.461304 0.538696
1.035000 0.461875 0.538125
1.036667 0.462446 0.537554
1.038333 0.463015 0.536985
1.040000 0.463585 0.536415
1.041667 0.464154 0.535846
1.043333 0.464722 0.535278
1.045000 0.465290 0.534710
1.046667 0.465857 0.534143
1.048333 0.466424 0.533576
1.050000 0.466990 0.533010
1.051667 0.467555 0.532445
1.053333 0.468120 0.531880
1.055000 0.468685 0.531315
1.056667 0.469249 0.530751
1.058333 0.469812 0.530188
1.060000 0.470375 0.529625
1.061667 0.470938 0.529062
1.063333 0.471499 0.528501
1.065000 0.472061 0.527939
1.066667 0.472621 0.527379
1.068333 0.473182 0.526818
1.070000 0.473741 0.526259
1.071667 0.474300 0.525700
1.073333 0.474859 0.525141
1.075000 0.475417 0.524583
1.076667 0.475974 0.524026
1.078333 0.476531 0.523469
1.080000 0.477088 0.522912
1.081667 0.477643 0.522357
1.083333 0.478199 0.521801
1.085000 0.478754 0.521246
1.086667 0.479308 0.520692
1.088333 0.479861 0.520139
1.090000 0.480415 0.519585
1.091667 0.480967 0.519033
1.093333 0.481519 0.518481
1.095000 0.482071 0.517929
1.096667 0.482622 0.517378
1.098333 0.483172 0.516828
1.100000 0.483722 0.516278
1.101667 0.484272 0.515728
1.103333 0.484821 0.515179
1.105000 0.485369 0.514631
1.106667 0.485917 0.514083
1.108333 0.486464 0.513536
1.110000 0.487011 0.512989
1.111667 0.487557 0.512443
1.113333 0.488102 0.511898
1.115000 0.488647 0.511353
1.116667 0.489192 0.510808
1.118333 0.489736 0.510264
1.120000 0.490280 0.509720
1.121667 0.490823 0.509177
1.123333 0.491365 0.508635
1.125000 0.491907 0.508093
1.126667 0.492448 0.507552
1.128333 0.492989 0.507011
1.130000 0.493529 0.506471
1.131667 0.494069 0.505931
1.133333 0.494608 0.505392
1.135000 0.495147 0.504853
1.136667 0.495685 0.504315
1.138333 0.496223 0.503777
1.140000 0.496760 0.503240
1.141667 0.497296 0.502704
1.143333 0.497832 0.502168
1.145000 0.498368 0.501632
1.146667 0.498903 0.501097
1.148333 0.499437 0.500563
1.150000 0.499971 0.500029
1.151667 0.500504 0.499496
1.153333 0.501037 0.498963
1.155000 0.501570 0.498430
1.156667 0.502101 0.497899
1.158333 0.502633 0.497367
1.160000 0.503163 0.496837
1.161667 0.503694 0.496306
1.163333 0.504223 0.495777
1.165000 0.504752 0.495248
1.166667 0.505281 0.494719
1.168333 0.505809 0.494191
1.170000 0.506336 0.493664
1.171667 0.506863 0.493137
1.173333 0.507390 0.492610
1.175000 0.507916 0.492084
1.176667 0.508441 0.491559
1.178333 0.508966 0.491034
1.180000 0.509491 0.490509
1.181667 0.510014 0.489986
1.183333 0.510538 0.489462
1.185000 0.511060 0.488940
1.186667 0.511583 0.488417
1.188333 0.512104 0.487896
1.190000 0.512626 0.487374
1.191667 0.513146 0.486854
1.193333 0.513666 0.486334
1.195000 0.514186 0.485814
1.196667 0.514705 0.485295
1.198333 0.515224 0.484776
1.200000 0.515742 0.484258
1.201667 0.516259 0.483741
1.203333 0.516776 0.483224
1.205000 0.517293 0.482707
1.206667 0.517809 0.482191
1.208333 0.518324 0.481676
1.210000 0.518839 0.481161
1.211667 0.519353 0.480647
1.213333 0.519867 0.480133
1.215000 0.520381 0.479619
1.216667 0.520893 0.479107
1.218333 0.521406 0.478594
1.220000 0.521918 0.478082
1.221667 0.522429 0.477571
1.223333 0.522939 0.477061
1.225000 0.523450 0.476550
1.226667 0.523959 0.476041
1.228333 0.524469 0.475531
1.230000 0.524977 0.475023
1.231667 0.525485 0.474515
1.233333 0.525993 0.474007
1.235000 0.526500 0.473500
1.236667 0.527007 0.472993
1.238333 0.527513 0.472487
1.240000 0.528018 0.471982
1.241667 0.528523 0.471477
1.243333 0.529028 0.470972
1.245000 0.529532 0.470468
1.246667 0.530035 0.469965
1.248333 0.530538 0.469462
1.250000 0.531040 0.468960
1.251667 0.531542 0.468458
1.253333 0.532044 0.467956
1.255000 0.532544 0.467456
1.256667 0.533045 0.466955
1.258333 0.533545 0.466455
1.260000 0.534044 0.465956
1.261667 0.534543 0.465457
1.263333 0.535041 0.464959
1.265000 0.535539 0.464461
1.266667 0.536036 0.463964
1.268333 0.536533 0.463467
1.270000 0.537029 0.462971
1.271667 0.537525 0.462475
1.273333 0.538020 0.461980
1.275000 0.538514 0.461486
1.276667 0.539009 0.460991
1.278333 0.539502 0.460498
1.280000 0.539995 0.460005
1.281667 0.540488 0.459512
1.283333 0.540980 0.459020
1.285000 0.541472 0.458528
1.286667 0.541963 0.458037
1.288333 0.542453 0.457547
1.290000 0.542943 0.457057
1.291667 0.543433 0.456567
1.293333 0.543922 0.456078
1.295000 0.544410 0.455590
1.296667 0.544898 0.455102
1.298333 0.545386 0.454614
1.300000 0.545873 0.454127
1.301667 0.546359 0.453641
1.303333 0.546845 0.453155
1.305000 0.547331 0.452669
1.306667 0.547816 0.452184
1.308333 0.548300 0.451700
1.310000 0.548784 0.451216
1.311667 0.549268 0.450732
1.313333 0.549750 0.450250
1.315000 0.550233 0.449767
1.316667 0.550715 0.449285
1.318333 0.551196 0.448804
1.320000 0.551677 0.448323
1.321667 0.552157 0.447843
1.323333 0.552637 0.447363
1.325000 0.553117 0.446883
1.326667 0.553595 0.446405
1.328333 0.554074 0.445926
1.330000 0.554552 0.445448
1.331667 0.555029 0.444971
1.333333 0.555506 0.444494
1.335000 0.555982 0.444018
1.336667 0.556458 0.443542
1.338333 0.556933 0.443067
1.340000 0.557408 0.442592
1.341667 0.557882 0.442118
1.343333 0.558356 0.441644
1.345000 0.558830 0.441170
1.346667 0.559302 0.440698
1.348333 0.559775 0.440225
1.350000 0.560246 0.439754
1.351667 0.560718 0.439282
1.353333 0.561189 0.438811
1.355000 0.561659 0.438341
1.356667 0.562129 0.437871
1.358333 0.562598 0.437402
1.360000 0.563067 0.436933
1.361667 0.563535 0.436465
1.363333 0.564003 0.435997
1.365000 0.564470 0.435530
1.366667 0.564937 0.435063
1.368333 0.565403 0.434597
1.370000 0.565869 0.434131
1.371667 0.566334 0.433666
1.373333 0.566799 0.433201
1.375000 0.567263 0.432737
1.376667 0.567727 0.432273
1.378333 0.568191 0.431809
1.380000 0.568653 0.431347
1.381667 0.569116 0.430884
1.383333 0.569578 0.430422
1.385000 0.570039 0.429961
1.386667 0.570500 0.429500
1.388333 0.570960 0.429040
1.390000 0.571420 0.428580
1.391667 0.571879 0.428121
1.393333 0.572338 0.427662
1.395000 0.572796 0.427204
1.396667 0.573254 0.426746
1.398333 0.573712 0.426288
1.400000 0.574168 0.425832
1.401667 0.574625 0.425375
1.403333 0.575081 0.424919
1.405000 0.575536 0.424464
1.406667 0.575991 0.424009
1.408333 0.576445 0.423555
1.410000 0.576899 0.423101
1.411667 0.577353 0.422647
1.413333 0.577806 0.422194
1.415000 0.578258 0.421742
1.416667 0.578710 0.421290
1.418333 0.579162 0.420838
1.420000 0.579612 0.420388
1.421667 0.580063 0.419937
1.423333 0.580513 0.419487
1.425000 0.580962 0.419038
1.426667 0.581411 0.418589
1.428333 0.581860 0.418140
1.430000 0.582308 0.417692
1.431667 0.582756 0.417244
1.433333 0.583203 0.416797
1.435000 0.583649 0.416351
1.436667 0.584095 0.415905
1.438333 0.584541 0.415459
1.440000 0.584986 0.415014
1.441667 0.585431 0.414569
1.443333 0.585875 0.414125
1.445000 0.586318 0.413682
1.446667 0.586762 0.413238
1.448333 0.587204 0.412796
1.450000 0.587646 0.412354
1.451667 0.588088 0.411912
1.453333 0.588529 0.411471
1.455000 0.588970 0.411030
1.456667 0.589410 0.410590
1.458333 0.589850 0.410150
1.460000 0.590289 0.409711
1.461667 0.590728 0.409272
1.463333 0.591167 0.408833
1.465000 0.591604 0.408396
1.466667 0.592042 0.407958
1.468333 0.592479 0.407521
1.470000 0.592915 0.407085
1.471667 0.593351 0.406649
1.473333 0.593787 0.406213
1.475000 0.594221 0.405779
1.476667 0.594656 0.405344
1.478333 0.595090 0.404910
1.480000 0.595524 0.404476
1.481667 0.595957 0.404043
1.483333 0.596389 0.403611
1.485000 0.596821 0.403179
1.486667 0.597253 0.402747
1.488333 0.597684 0.402316
1.490000 0.598115 0.401885
1.491667 0.598545 0.401455
1.493333 0.598975 0.401025
1.495000 0.599404 0.400596
1.496667 0.599833 0.400167
1.498333 0.600261 0.399739
1.500000 0.600689 0.399311
1.501667 0.601116 0.398884
1.503333 0.601543 0.398457
1.505000 0.601969 0.398031
1.506667 0.602395 0.397605
1.508333 0.602820 0.397180
1.510000 0.603245 0.396755
1.511667 0.603670 0.396330
1.513333 0.604094 0.395906
1.515000 0.604517 0.395483
1.516667 0.604941 0.395059
1.518333 0.605363 0.394637
1.520000 0.605785 0.394215
1.521667 0.606207 0.393793
1.523333 0.606628 0.393372
1.525000 0.607049 0.392951
1.526667 0.607469 0.392531
1.528333 0.607889 0.392111
1.530000 0.608308 0.391692
1.531667 0.608727 0.391273
1.533333 0.609145 0.390855
1.535000 0.609563 0.390437
1.536667 0.609981 0.390019
1.538333 0.610398 0.389602
1.540000 0.610814 0.389186
1.541667 0.611230 0.388770
1.543333 0.611646 0.388354
1.545000 0.612061 0.387939
1.546667 0.612475 0.387525
1.548333 0.612890 0.387110
1.550000 0.613303 0.386697
1.551667 0.613717 0.386283
1.553333 0.614129 0.385871
1.555000 0.614542 0.385458
1.556667 0.614953 0.385047
1.558333 0.615365 0.384635
1.560000 0.615776 0.384224
1.561667 0.616186 0.383814
1.563333 0.616596 0.383404
1.565000 0.617006 0.382994
1.566667 0.617415 0.382585
1.568333 0.617823 0.382177
1.570000 0.618231 0.381769
1.571667 0.618639 0.381361
1.573333 0.619046 0.380954
1.575000 0.619453 0.380547
1.576667 0.619859 0.380141
1.578333 0.620265 0.379735
1.580000 0.620671 0.379329
1.581667 0.621076 0.378924
1.583333 0.621480 0.378520
1.585000 0.621884 0.378116
1.586667 0.622288 0.377712
1.588333 0.622691 0.377309
1.590000 0.623093 0.376907
1.591667 0.623495 0.376505
1.593333 0.623897 0.376103
1.595000 0.624298 0.375702
1.596667 0.624699 0.375301
1.598333 0.625100 0.374900
1.600000 0.625499 0.374501
1.601667 0.625899 0.374101
1.603333 0.626298 0.373702
1.605000 0.626696 0.373304
1.606667 0.627094 0.372906
1.608333 0.627492 0.372508
1.610000 0.627889 0.372111
1.611667 0.628286 0.371714
1.613333 0.628682 0.371318
1.615000 0.629078 0.370922
1.616667 0.629473 0.370527
1.618333 0.629868 0.370132
1.620000 0.630263 0.369737
1.621667 0.630657 0.369343
1.623333 0.631050 0.368950
1.625000 0.631443 0.368557
1.626667 0.631836 0.368164
1.628333 0.632228 0.367772
1.630000 0.632620 0.367380
1.631667 0.633011 0.366989
1.633333 0.633402 0.366598
1.635000 0.633792 0.366208
1.636667 0.634182 0.365818
1.638333 0.634572 0.365428
1.640000 0.634961 0.365039
1.641667 0.635350 0.364650
1.643333 0.635738 0.364262
1.645000 0.636125 0.363875
1.646667 0.636513 0.363487
1.648333 0.636900 0.363100
1.650000 0.637286 0.362714
1.651667 0.637672 0.362328
1.653333 0.638057 0.361943
1.655000 0.638442 0.361558
1.656667 0.638827 0.361173
1.658333 0.639211 0.360789
1.660000 0.639595 0.360405
1.661667 0.639978 0.360022
1.663333 0.640361 0.359639
1.665000 0.640743 0.359257
1.666667 0.641125 0.358875
1.668333 0.641507 0.358493
1.670000 0.641888 0.358112
1.671667 0.642269 0.357731
1.673333 0.642649 0.357351
1.675000 0.643028 0.356972
1.676667 0.643408 0.356592
1.678333 0.643787 0.356213
1.680000 0.644165 0.355835
1.681667 0.644543 0.355457
1.683333 0.644921 0.355079
1.685000 0.645298 0.354702
1.686667 0.645674 0.354326
1.688333 0.646051 0.353949
1.690000 0.646426 0.353574
1.691667 0.646802 0.353198
1.693333 0.647177 0.352823
1.695000 0.647551 0.352449
1.696667 0.647925 0.352075
1.698333 0.648299 0.351701
1.700000 0.648672 0.351328
1.701667 0.649045 0.350955
1.703333 0.649417 0.350583
1.705000 0.649789 0.350211
1.706667 0.650161 0.349839
1.708333 0.650532 0.349468
1.710000 0.650902 0.349098
1.711667 0.651272 0.348728
1.713333 0.651642 0.348358
1.715000 0.652011 0.347989
1.716667 0.652380 0.347620
1.718333 0.652749 0.347251
1.720000 0.653117 0.346883
1.721667 0.653484 0.346516
1.723333 0.653851 0.346149
1.725000 0.654218 0.345782
1.726667 0.654584 0.345416
1.728333 0.654950 0.345050
1.730000 0.655316 0.344684
1.731667 0.655681 0.344319
1.733333 0.656045 0.343955
1.735000 0.656409 0.343591
1.736667 0.656773 0.343227
1.738333 0.657136 0.342864
1.740000 0.657499 0.342501
1.741667 0.657862 0.342138
1.743333 0.658224 0.341776
1.745000 0.658585 0.341415
1.746667 0.658947 0.341053
1.748333 0.659307 0.340693
1.750000 0.659668 0.340332
1.751667 0.660028 0.339972
1.753333 0.660387 0.339613
1.755000 0.660746 0.339254
1.756667 0.661105 0.338895
1.758333 0.661463 0.338537
1.760000 0.661821 0.338179
1.761667 0.662178 0.337822
1.763333 0.662535 0.337465
1.765000 0.662892 0.337108
1.766667 0.663248 0.336752
1.768333 0.663603 0.336397
1.770000 0.663959 0.336041
1.771667 0.664313 0.335687
1.773333 0.664668 0.335332
1.775000 0.665022 0.334978
1.776667 0.665375 0.334625
1.778333 0.665729 0.334271
1.780000 0.666081 0.333919
1.781667 0.666434 0.333566
1.783333 0.666786 0.333214
1.785000 0.667137 0.332863
1.786667 0.667488 0.332512
1.788333 0.667839 0.332161
1.790000 0.668189 0.331811
1.791667 0.668539 0.331461
1.793333 0.668888 0.331112
1.795000 0.669238 0.330762
1.796667 0.669586 0.330414
1.798333 0.669934 0.330066
1.800000 0.670282 0.329718
1.801667 0.670629 0.329371
1.803333 0.670976 0.329024
1.805000 0.671323 0.328677
1.806667 0.671669 0.328331
1.808333 0.672015 0.327985
1.810000 0.672360 0.327640
1.811667 0.672705 0.327295
1.813333 0.673050 0.326950
1.815000 0.673394 0.326606
1.816667 0.673737 0.326263
1.818333 0.674081 0.325919
1.820000 0.674423 0.325577
1.821667 0.674766 0.325234
1.823333 0.675108 0.324892
1.825000 0.675449 0.324551
1.826667 0.675791 0.324209
1.828333 0.676132 0.323868
1.830000 0.676472 0.323528
1.831667 0.676812 0.323188
1.833333 0.677152 0.322848
1.835000 0.677491 0.322509
1.836667 0.677830 0.322170
1.838333 0.678168 0.321832
1.840000 0.678506 0.321494
1.841667 0.678843 0.321157
1.843333 0.679181 0.320819
1.845000 0.679517 0.320483
1.846667 0.679854 0.320146
1.848333 0.680190 0.319810
1.850000 0.680525 0.319475
1.851667 0.680860 0.319140
1.853333 0.681195 0.318805
1.855000 0.681530 0.318470
1.856667 0.681864 0.318136
1.858333 0.682197 0.317803
1.860000 0.682530 0.317470
1.861667 0.682863 0.317137
1.863333 0.683195 0.316805
1.865000 0.683527 0.316473
1.866667 0.683859 0.316141
1.868333 0.684190 0.315810
1.870000 0.684521 0.315479
1.871667 0.684851 0.315149
1.873333 0.685181 0.314819
1.875000 0.685511 0.314489
1.876667 0.685840 0.314160
1.878333 0.686169 0.313831
1.880000 0.686497 0.313503
1.881667 0.686825 0.313175
1.883333 0.687153 0.312847
1.885000 0.687480 0.312520
1.886667 0.687807 0.312193
1.888333 0.688133 0.311867
1.890000 0.688459 0.311541
1.891667 0.688785 0.311215
1.893333 0.689110 0.310890
1.895000 0.689435 0.310565
1.896667 0.689760 0.310240
1.898333 0.690084 0.309916
1.900000 0.690407 0.309593
1.901667 0.690731 0.309269
1.903333 0.691054 0.308946
1.905000 0.691376 0.308624
1.906667 0.691698 0.308302
1.908333 0.692020 0.307980
1.910000 0.692341 0.307659
1.911667 0.692662 0.307338
1.913333 0.692983 0.307017
1.915000 0.693303 0.306697
1.916667 0.693623 0.306377
1.918333 0.693942 0.306058
1.920000 0.694261 0.305739
1.921667 0.694580 0.305420
1.923333 0.694898 0.305102
1.925000 0.695216 0.304784
1.926667 0.695533 0.304467
1.928333 0.695851 0.304149
1.930000 0.696167 0.303833
1.931667 0.696484 0.303516
1.933333 0.696800 0.303200
1.935000 0.697115 0.302885
1.936667 0.697430 0.302570
1.938333 0.697745 0.302255
1.940000 0.698060 0.301940
1.941667 0.698374 0.301626
1.943333 0.698687 0.301313
1.945000 0.699001 0.300999
1.946667 0.699313 0.300687
1.948333 0.699626 0.300374
1.950000 0.699938 0.300062
1.951667 0.700250 0.299750
1.953333 0.700561 0.299439
1.955000 0.700872 0.299128
1.956667 0.701183 0.298817
1.958333 0.701493 0.298507
1.960000 0.701803 0.298197
1.961667 0.702113 0.297887
1.963333 0.702422 0.297578
1.965000 0.702730 0.297270
1.966667 0.703039 0.296961
1.968333 0.703347 0.296653
1.970000 0.703654 0.296346
1.971667 0.703962 0.296038
1.973333 0.704269 0.295731
1.975000 0.704575 0.295425
1.976667 0.704881 0.295119
1.978333 0.705187 0.294813
1.980000 0.705492 0.294508
1.981667 0.705797 0.294203
1.983333 0.706102 0.293898
1.985000 0.706406 0.293594
1.986667 0.706710 0.293290
1.988333 0.707014 0.292986
1.990000 0.707317 0.292683
1.991667 0.707620 0.292380
1.993333 0.707922 0.292078
1.995000 0.708224 0.291776
1.996667 0.708526 0.291474
1.998333 0.708827 0.291173
2.000000 0.709128 0.290872
2.001667 0.709428 0.290572
2.003333 0.709729 0.290271
2.005000 0.710028 0.289972
2.006667 0.710328 0.289672
2.008333 0.710627 0.289373
2.010000 0.710926 0.289074
2.011667 0.711224 0.288776
2.013333 0.711522 0.288478
2.015000 0.711820 0.288180
2.016667 0.712117 0.287883
2.018333 0.712414 0.287586
2.020000 0.712711 0.287289
2.021667 0.713007 0.286993
2.023333 0.713303 0.286697
2.025000 0.713598 0.286402
2.026667 0.713893 0.286107
2.028333 0.714188 0.285812
2.030000 0.714482 0.285518
2.031667 0.714776 0.285224
2.033333 0.715070 0.284930
2.035000 0.715363 0.284637
2.036667 0.715656 0.284344
2.038333 0.715949 0.284051
2.040000 0.716241 0.283759
2.041667 0.716533 0.283467
2.043333 0.716824 0.283176
2.045000 0.717115 0.282885
2.046667 0.717406 0.282594
2.048333 0.717697 0.282303
2.050000 0.717987 0.282013
2.051667 0.718276 0.281724
2.053333 0.718566 0.281434
2.055000 0.718855 0.281145
2.056667 0.719143 0.280857
2.058333 0.719432 0.280568
2.060000 0.719720 0.280280
2.061667 0.720007 0.279993
2.063333 0.720294 0.279706
2.065000 0.720581 0.279419
2.066667 0.720868 0.279132
2.068333 0.721154 0.278846
2.070000 0.721440 0.278560
2.071667 0.721725 0.278275
2.073333 0.722010 0.277990
2.075000 0.722295 0.277705
2.076667 0.722579 0.277421
2.078333 0.722863 0.277137
2.080000 0.723147 0.276853
2.081667 0.723431 0.276569
2.083333 0.723714 0.276286
2.085000 0.723996 0.276004
2.086667 0.724278 0.275722
2.088333 0.724560 0.275440
2.090000 0.724842 0.275158
2.091667 0.725123 0.274877
2.093333 0.725404 0.274596
2.095000 0.725685 0.274315
2.096667 0.725965 0.274035
2.098333 0.726245 0.273755
2.100000 0.726524 0.273476
2.101667 0.726804 0.273196
2.103333 0.727082 0.272918
2.105000 0.727361 0.272639
2.106667 0.727639 0.272361
2.108333 0.727917 0.272083
2.110000 0.728194 0.271806
2.111667 0.728472 0.271528
2.113333 0.728748 0.271252
2.115000 0.729025 0.270975
2.116667 0.729301 0.270699
2.118333 0.729577 0.270423
2.120000 0.729852 0.270148
2.121667 0.730127 0.269873
2.123333 0.730402 0.269598
2.125000 0.730676 0.269324
2.126667 0.730950 0.269050
2.128333 0.731224 0.268776
2.130000 0.731497 0.268503
2.131667 0.731770 0.268230
2.133333 0.732043 0.267957
2.135000 0.732315 0.267685
2.136667 0.732587 0.267413
2.138333 0.732859 0.267141
2.140000 0.733130 0.266870
2.141667 0.733401 0.266599
2.143333 0.733672 0.266328
2.145000 0.733942 0.266058
2.146667 0.734212 0.265788
2.148333 0.734482 0.265518
2.150000 0.734751 0.265249
2.151667 0.735020 0.264980
2.153333 0.735289 0.264711
2.155000 0.735557 0.264443
2.156667 0.735825 0.264175
2.158333 0.736093 0.263907
2.160000 0.736360 0.263640
2.161667 0.736627 0.263373
2.163333 0.736894 0.263106
2.165000 0.737160 0.262840
2.166667 0.737426 0.262574
2.168333 0.737692 0.262308
2.170000 0.737957 0.262043
2.171667 0.738222 0.261778
2.173333 0.738487 0.261513
2.175000 0.738752 0.261248
2.176667 0.739016 0.260984
2.178333 0.739279 0.260721
2.180000 0.739543 0.260457
2.181667 0.739806 0.260194
2.183333 0.740068 0.259932
2.185000 0.740331 0.259669
2.186667 0.740593 0.259407
2.188333 0.740855 0.259145
2.190000 0.741116 0.258884
2.191667 0.741377 0.258623
2.193333 0.741638 0.258362
2.195000 0.741898 0.258102
2.196667 0.742158 0.257842
2.198333 0.742418 0.257582
2.200000 0.742678 0.257322
2.201667 0.742937 0.257063
2.203333 0.743196 0.256804
2.205000 0.743454 0.256546
2.206667 0.743712 0.256288
2.208333 0.743970 0.256030
2.210000 0.744228 0.255772
2.211667 0.744485 0.255515
2.213333 0.744742 0.255258
2.215000 0.744998 0.255002
2.216667 0.745254 0.254746
2.218333 0.745510 0.254490
2.220000 0.745766 0.254234
2.221667 0.746021 0.253979
2.223333 0.746276 0.253724
2.225000 0.746531 0.253469
2.226667 0.746785 0.253215
2.228333 0.747039 0.252961
2.230000 0.747293 0.252707
2.231667 0.747546 0.252454
2.233333 0.747799 0.252201
2.235000 0.748052 0.251948
2.236667 0.748305 0.251695
2.238333 0.748557 0.251443
2.240000 0.748809 0.251191
2.241667 0.749060 0.250940
2.243333 0.749311 0.250689
2.245000 0.749562 0.250438
2.246667 0.749813 0.250187
2.248333 0.750063 0.249937
2.250000 0.750313 0.249687
2.251667 0.750562 0.249438
2.253333 0.750812 0.249188
2.255000 0.751061 0.248939
2.256667 0.751309 0.248691
2.258333 0.751558 0.248442
2.260000 0.751806 0.248194
2.261667 0.752053 0.247947
2.263333 0.752301 0.247699
2.265000 0.752548 0.247452
2.266667 0.752795 0.247205
2.268333 0.753041 0.246959
2.270000 0.753288 0.246712
2.271667 0.753533 0.246467
2.273333 0.753779 0.246221
2.275000 0.754024 0.245976
2.276667 0.754269 0.245731
2.278333 0.754514 0.245486
2.280000 0.754758 0.245242
2.281667 0.755002 0.244998
2.283333 0.755246 0.244754
2.285000 0.755489 0.244511
2.286667 0.755733 0.244267
2.288333 0.755975 0.244025
2.290000 0.756218 0.243782
2.291667 0.756460 0.243540
2.293333 0.756702 0.243298
2.295000 0.756944 0.243056
2.296667 0.757185 0.242815
2.298333 0.757426 0.242574
2.300000 0.757667 0.242333
2.301667 0.757907 0.242093
2.303333 0.758147 0.241853
2.305000 0.758387 0.241613
2.306667 0.758627 0.241373
2.308333 0.758866 0.241134
2.310000 0.759105 0.240895
2.311667 0.759343 0.240657
2.313333 0.759582 0.240418
2.315000 0.759820 0.240180
2.316667 0.760057 0.239943
2.318333 0.760295 0.239705
2.320000 0.760532 0.239468
2.321667 0.760769 0.239231
2.323333 0.761005 0.238995
2.325000 0.761241 0.238759
2.326667 0.761477 0.238523
2.328333 0.761713 0.238287
2.330000 0.761948 0.238052
2.331667 0.762183 0.237817
2.333333 0.762418 0.237582
2.335000 0.762652 0.237348
2.336667 0.762887 0.237113
2.338333 0.763120 0.236880
2.340000 0.763354 0.236646
2.341667 0.763587 0.236413
2.343333 0.763820 0.236180
2.345000 0.764053 0.235947
2.346667 0.764285 0.235715
2.348333 0.764517 0.235483
2.350000 0.764749 0.235251
2.351667 0.764981 0.235019
2.353333 0.765212 0.234788
2.355000 0.765443 0.234557
2.356667 0.765673 0.234327
2.358333 0.765904 0.234096
2.360000 0.766134 0.233866
2.361667 0.766364 0.233636
2.363333 0.766593 0.233407
2.365000 0.766822 0.233178
2.366667 0.767051 0.232949
2.368333 0.767280 0.232720
2.370000 0.767508 0.232492
2.371667 0.767736 0.232264
2.373333 0.767964 0.232036
2.375000 0.768191 0.231809
2.376667 0.768419 0.231581
2.378333 0.768646 0.231354
2.380000 0.768872 0.231128
2.381667 0.769099 0.230901
2.383333 0.769325 0.230675
2.385000 0.769550 0.230450
2.386667 0.769776 0.230224
2.388333 0.770001 0.229999
2.390000 0.770226 0.229774
2.391667 0.770451 0.229549
2.393333 0.770675 0.229325
2.395000 0.770899 0.229101
2.396667 0.771123 0.228877
2.398333 0.771346 0.228654
2.400000 0.771570 0.228430
2.401667 0.771792 0.228208
2.403333 0.772015 0.227985
2.405000 0.772237 0.227763
2.406667 0.772460 0.227540
2.408333 0.772681 0.227319
2.410000 0.772903 0.227097
2.411667 0.773124 0.226876
2.413333 0.773345 0.226655
2.415000 0.773566 0.226434
2.416667 0.773786 0.226214
2.418333 0.774006 0.225994
2.420000 0.774226 0.225774
2.421667 0.774446 0.225554
2.423333 0.774665 0.225335
2.425000 0.774884 0.225116
2.426667 0.775103 0.224897
2.428333 0.775322 0.224678
2.430000 0.775540 0.224460
2.431667 0.775758 0.224242
2.433333 0.775975 0.224025
2.435000 0.776193 0.223807
2.436667 0.776410 0.223590
2.438333 0.776627 0.223373
2.440000 0.776843 0.223157
2.441667 0.777060 0.222940
2.443333 0.777276 0.222724
2.445000 0.777491 0.222509
2.446667 0.777707 0.222293
2.448333 0.777922 0.222078
2.450000 0.778137 0.221863
2.451667 0.778352 0.221648
2.453333 0.778566 0.221434
2.455000 0.778780 0.221220
2.456667 0.778994 0.221006
2.458333 0.779208 0.220792
2.460000 0.779421 0.220579
2.461667 0.779634 0.220366
2.463333 0.779847 0.220153
2.465000 0.780059 0.219941
2.466667 0.780272 0.219728
2.468333 0.780484 0.219516
2.470000 0.780695 0.219305
2.471667 0.780907 0.219093
2.473333 0.781118 0.218882
2.475000 0.781329 0.218671
2.476667 0.781540 0.218460
2.478333 0.781750 0.218250
2.480000 0.781960 0.218040
2.481667 0.782170 0.217830
2.483333 0.782380 0.217620
2.485000 0.782589 0.217411
2.486667 0.782798 0.217202
2.488333 0.783007 0.216993
2.490000 0.783215 0.216785
2.491667 0.783424 0.216576
2.493333 0.783632 0.216368
2.495000 0.783839 0.216161
2.496667 0.784047 0.215953
2.498333 0.784254 0.215746
2.500000 0.784461 0.215539
2.501667 0.784668 0.215332
2.503333 0.784874 0.215126
2.505000 0.785080 0.214920
2.506667 0.785286 0.214714
2.508333 0.785492 0.214508
2.510000 0.785697 0.214303
2.511667 0.785903 0.214097
2.513333 0.786107 0.213893
2.515000 0.786312 0.213688
2.516667 0.786516 0.213484
2.518333 0.786721 0.213279
2.520000 0.786924 0.213076
2.521667 0.787128 0.212872
2.523333 0.787331 0.212669
2.525000 0.787534 0.212466
2.526667 0.787737 0.212263
2.528333 0.787940 0.212060
2.530000 0.788142 0.211858
2.531667 0.788344 0.211656
2.533333 0.788546 0.211454
2.535000 0.788748 0.211252
2.536667 0.788949 0.211051
2.538333 0.789150 0.210850
2.540000 0.789351 0.210649
2.541667 0.789551 0.210449
2.543333 0.789752 0.210248
2.545000 0.789952 0.210048
2.546667 0.790151 0.209849
2.548333 0.790351 0.209649
2.550000 0.790550 0.209450
2.551667 0.790749 0.209251
2.553333 0.790948 0.209052
2.555000 0.791147 0.208853
2.556667 0.791345 0.208655
2.558333 0.791543 0.208457
2.560000 0.791741 0.208259
2.561667 0.791938 0.208062
2.563333 0.792136 0.207864
2.565000 0.792333 0.207667
2.566667 0.792529 0.207471
2.568333 0.792726 0.207274
2.570000 0.792922 0.207078
2.571667 0.793118 0.206882
2.573333 0.793314 0.206686
2.575000 0.793510 0.206490
2.576667 0.793705 0.206295
2.578333 0.793900 0.206100
2.580000 0.794095 0.205905
2.581667 0.794289 0.205711
2.583333 0.794484 0.205516
2.585000 0.794678 0.205322
2.586667 0.794872 0.205128
2.588333 0.795065 0.204935
2.590000 0.795259 0.204741
2.591667 0.795452 0.204548
2.593333 0.795645 0.204355
2.595000 0.795837 0.204163
2.596667 0.796030 0.203970
2.598333 0.796222 0.203778
2.600000 0.796414 0.203586
2.601667 0.796605 0.203395
2.603333 0.796797 0.203203
2.605000 0.796988 0.203012
2.606667 0.797179 0.202821
2.608333 0.797369 0.202631
2.610000 0.797560 0.202440
2.611667 0.797750 0.202250
2.613333 0.797940 0.202060
2.615000 0.798130 0.201870
2.616667 0.798319 0.201681
2.618333 0.798508 0.201492
2.620000 0.798697 0.201303
2.621667 0.798886 0.201114
2.623333 0.799075 0.200925
2.625000 0.799263 0.200737
2.626667 0.799451 0.200549
2.628333 0.799639 0.200361
2.630000 0.799827 0.200173
2.631667 0.800014 0.199986
2.633333 0.800201 0.199799
2.635000 0.800388 0.199612
2.636667 0.800575 0.199425
2.638333 0.800761 0.199239
2.640000 0.800947 0.199053
2.641667 0.801133 0.198867
2.643333 0.801319 0.198681
2.645000 0.801504 0.198496
2.646667 0.801690 0.198310
2.648333 0.801875 0.198125
2.650000 0.802059 0.197941
2.651667 0.802244 0.197756
2.653333 0.802428 0.197572
2.655000 0.802612 0.197388
2.656667 0.802796 0.197204
2.658333 0.802980 0.197020
2.660000 0.803163 0.196837
2.661667 0.803346 0.196654
2.663333 0.803529 0.196471
2.665000 0.803712 0.196288
2.666667 0.803894 0.196106
2.668333 0.804077 0.195923
2.670000 0.804259 0.195741
2.671667 0.804440 0.195560
2.673333 0.804622 0.195378
2.675000 0.804803 0.195197
2.676667 0.804984 0.195016
2.678333 0.805165 0.194835
2.680000 0.805346 0.194654
2.681667 0.805526 0.194474
2.683333 0.805706 0.194294
2.685000 0.805886 0.194114
2.686667 0.806066 0.193934
2.688333 0.806246 0.193754
2.690000 0.806425 0.193575
2.691667 0.806604 0.193396
2.693333 0.806783 0.193217
2.695000 0.806961 0.193039
2.696667 0.807140 0.192860
2.698333 0.807318 0.192682
2.700000 0.807496 0.192504
2.701667 0.807674 0.192326
2.703333 0.807851 0.192149
2.705000 0.808028 0.191972
2.706667 0.808205 0.191795
2.708333 0.808382 0.191618
2.710000 0.808559 0.191441
2.711667 0.808735 0.191265
2.713333 0.808911 0.191089
2.715000 0.809087 0.190913
2.716667 0.809263 0.190737
2.718333 0.809438 0.190562
2.720000 0.809614 0.190386
2.721667 0.809789 0.190211
2.723333 0.809964 0.190036
2.725000 0.810138 0.189862
2.726667 0.810313 0.189687
2.728333 0.810487 0.189513
2.730000 0.810661 0.189339
2.731667 0.810834 0.189166
2.733333 0.811008 0.188992
2.735000 0.811181 0.188819
2.736667 0.811354 0.188646
2.738333 0.811527 0.188473
2.740000 0.811700 0.188300
2.741667 0.811872 0.188128
2.743333 0.812044 0.187956
2.745000 0.812216 0.187784
2.746667 0.812388 0.187612
2.748333 0.812560 0.187440
2.750000 0.812731 0.187269
2.751667 0.812902 0.187098
2.753333 0.813073 0.186927
2.755000 0.813244 0.186756
2.756667 0.813414 0.186586
2.758333 0.813585 0.186415
2.760000 0.813755 0.186245
2.761667 0.813925 0.186075
2.763333 0.814094 0.185906
2.765000 0.814264 0.185736
2.766667 0.814433 0.185567
2.768333 0.814602 0.185398
2.770000 0.814771 0.185229
2.771667 0.814939 0.185061
2.773333 0.815108 0.184892
2.775000 0.815276 0.184724
2.776667 0.815444 0.184556
2.778333 0.815612 0.184388
2.780000 0.815779 0.184221
2.781667 0.815946 0.184054
2.783333 0.816114 0.183886
2.785000 0.816280 0.183720
2.786667 0.816447 0.183553
2.788333 0.816614 0.183386
2.790000 0.816780 0.183220
2.791667 0.816946 0.183054
2.793333 0.817112 0.182888
2.795000 0.817277 0.182723
2.796667 0.817443 0.182557
2.798333 0.817608 0.182392
2.800000 0.817773 0.182227
2.801667 0.817938 0.182062
2.803333 0.818103 0.181897
2.805000 0.818267 0.181733
2.806667 0.818431 0.181569
2.808333 0.818595 0.181405
2.810000 0.818759 0.181241
2.811667 0.818923 0.181077
2.813333 0.819086 0.180914
2.815000 0.819249 0.180751
2.816667 0.819412 0.180588
2.818333 0.819575 0.180425
2.820000 0.819738 0.180262
2.821667 0.819900 0.180100
2.823333 0.820062 0.179938
2.825000 0.820224 0.179776
2.826667 0.820386 0.179614
2.828333 0.820547 0.179453
2.830000 0.820709 0.179291
2.831667 0.820870 0.179130
2.833333 0.821031 0.178969
2.835000 0.821192 0.178808
2.836667 0.821352 0.178648
2.838333 0.821512 0.178488
2.840000 0.821673 0.178327
2.841667 0.821833 0.178167
2.843333 0.821992 0.178008
2.845000 0.822152 0.177848
2.846667 0.822311 0.177689
2.848333 0.822470 0.177530
2.850000 0.822629 0.177371
2.851667 0.822788 0.177212
2.853333 0.822947 0.177053
2.855000 0.823105 0.176895
2.856667 0.823263 0.176737
2.858333 0.823421 0.176579
2.860000 0.823579 0.176421
2.861667 0.823736 0.176264
2.863333 0.823894 0.176106
2.865000 0.824051 0.175949
2.866667 0.824208 0.175792
2.868333 0.824365 0.175635
2.870000 0.824521 0.175479
2.871667 0.824678 0.175322
2.873333 0.824834 0.175166
2.875000 0.824990 0.175010
2.876667 0.825146 0.174854
2.878333 0.825301 0.174699
2.880000 0.825457 0.174543
2.881667 0.825612 0.174388
2.883333 0.825767 0.174233
2.885000 0.825922 0.174078
2.886667 0.826077 0.173923
2.888333 0.826231 0.173769
2.890000 0.826385 0.173615
2.891667 0.826539 0.173461
2.893333 0.826693 0.173307
2.895000 0.826847 0.173153
2.896667 0.827001 0.172999
2.898333 0.827154 0.172846
2.900000 0.827307 0.172693
2.901667 0.827460 0.172540
2.903333 0.827613 0.172387
2.905000 0.827765 0.172235
2.906667 0.827918 0.172082
2.908333 0.828070 0.171930
2.910000 0.828222 0.171778
2.911667 0.828374 0.171626
2.913333 0.828525 0.171475
2.915000 0.828677 0.171323
2.916667 0.828828 0.171172
2.918333 0.828979 0.171021
2.920000 0.829130 0.170870
2.921667 0.829280 0.170720
2.923333 0.829431 0.170569
2.925000 0.829581 0.170419
2.926667 0.829731 0.170269
2.928333 0.829881 0.170119
2.930000 0.830031 0.169969
2.931667 0.830180 0.169820
2.933333 0.830330 0.169670
2.935000 0.830479 0.169521
2.936667 0.830628 0.169372
2.938333 0.830777 0.169223
2.940000 0.830925 0.169075
2.941667 0.831074 0.168926
2.943333 0.831222 0.168778
2.945000 0.831370 0.168630
2.946667 0.831518 0.168482
2.948333 0.831666 0.168334
2.950000 0.831813 0.168187
2.951667 0.831961 0.168039
2.953333 0.832108 0.167892
2.955000 0.832255 0.167745
2.956667 0.832401 0.167599
2.958333 0.832548 0.167452
2.960000 0.832695 0.167305
2.961667 0.832841 0.167159
2.963333 0.832987 0.167013
2.965000 0.833133 0.166867
2.966667 0.833278 0.166722
2.968333 0.833424 0.166576
2.970000 0.833569 0.166431
2.971667 0.833714 0.166286
2.973333 0.833859 0.166141
2.975000 0.834004 0.165996
2.976667 0.834149 0.165851
2.978333 0.834293 0.165707
2.980000 0.834438 0.165562
2.981667 0.834582 0.165418
2.983333 0.834726 0.165274
2.985000 0.834869 0.165131
2.986667 0.835013 0.164987
2.988333 0.835156 0.164844
2.990000 0.835299 0.164701
2.991667 0.835442 0.164558
2.993333 0.835585 0.164415
2.995000 0.835728 0.164272
2.996667 0.835870 0.164130
2.998333 0.836013 0.163987
3.000000 0.836155 0.163845
3.001667 0.836297 0.163703
3.003333 0.836439 0.163561
3.005000 0.836580 0.163420
3.006667 0.836722 0.163278
3.008333 0.836863 0.163137
3.010000 0.837004 0.162996
3.011667 0.837145 0.162855
3.013333 0.837286 0.162714
3.015000 0.837426 0.162574
3.016667 0.837567 0.162433
3.018333 0.837707 0.162293
3.020000 0.837847 0.162153
3.021667 0.837987 0.162013
3.023333 0.838127 0.161873
3.025000 0.838266 0.161734
3.026667 0.838406 0.161594
3.028333 0.838545 0.161455
3.030000 0.838684 0.161316
3.031667 0.838823 0.161177
3.033333 0.838961 0.161039
3.035000 0.839100 0.160900
3.036667 0.839238 0.160762
3.038333 0.839376 0.160624
3.040000 0.839514 0.160486
3.041667 0.839652 0.160348
3.043333 0.839790 0.160210
3.045000 0.839927 0.160073
3.046667 0.840065 0.159935
3.048333 0.840202 0.159798
3.050000 0.840339 0.159661
3.051667 0.840475 0.159525
3.053333 0.840612 0.159388
3.055000 0.840749 0.159251
3.056667 0.840885 0.159115
3.058333 0.841021 0.158979
3.060000 0.841157 0.158843
3.061667 0.841293 0.158707
3.063333 0.841428 0.158572
3.065000 0.841564 0.158436
3.066667 0.841699 0.158301
3.068333 0.841834 0.158166
3.070000 0.841969 0.158031
3.071667 0.842104 0.157896
3.073333 0.842239 0.157761
3.075000 0.842373 0.157627
3.076667 0.842508 0.157492
3.078333 0.842642 0.157358
3.080000 0.842776 0.157224
3.081667 0.842910 0.157090
3.083333 0.843043 0.156957
3.085000 0.843177 0.156823
3.086667 0.843310 0.156690
3.088333 0.843443 0.156557
3.090000 0.843576 0.156424
3.091667 0.843709 0.156291
3.093333 0.843842 0.156158
3.095000 0.843974 0.156026
3.096667 0.844107 0.155893
3.098333 0.844239 0.155761
3.100000 0.844371 0.155629
3.101667 0.844503 0.155497
3.103333 0.844634 0.155366
3.105000 0.844766 0.155234
3.106667 0.844897 0.155103
3.108333 0.845029 0.154971
3.110000 0.845160 0.154840
3.111667 0.845290 0.154710
3.113333 0.845421 0.154579
3.115000 0.845552 0.154448
3.116667 0.845682 0.154318
3.118333 0.845812 0.154188
3.120000 0.845943 0.154057
3.121667 0.846073 0.153927
3.123333 0.846202 0.153798
3.125000 0.846332 0.153668
3.126667 0.846461 0.153539
3.128333 0.846591 0.153409
3.130000 0.846720 0.153280
3.131667 0.846849 0.153151
3.133333 0.846978 0.153022
3.135000 0.847106 0.152894
3.136667 0.847235 0.152765
3.138333 0.847363 0.152637
3.140000 0.847491 0.152509
3.141667 0.847620 0.152380
3.143333 0.847747 0.152253
3.145000 0.847875 0.152125
3.146667 0.848003 0.151997
3.148333 0.848130 0.151870
3.150000 0.848257 0.151743
3.151667 0.848385 0.151615
3.153333 0.848512 0.151488
3.155000 0.848638 0.151362
3.156667 0.848765 0.151235
3.158333 0.848892 0.151108
3.160000 0.849018 0.150982
3.161667 0.849144 0.150856
3.163333 0.849270 0.150730
3.165000 0.849396 0.150604
3.166667 0.849522 0.150478
3.168333 0.849647 0.150353
3.170000 0.849773 0.150227
3.171667 0.849898 0.150102
3.173333 0.850023 0.149977
3.175000 0.850148 0.149852
3.176667 0.850273 0.149727
3.178333 0.850398 0.149602
3.180000 0.850522 0.149478
3.181667 0.850646 0.149354
3.183333 0.850771 0.149229
3.185000 0.850895 0.149105
3.186667 0.851019 0.148981
3.188333 0.851142 0.148858
3.190000 0.851266 0.148734
3.191667 0.851390 0.148610
3.193333 0.851513 0.148487
3.195000 0.851636 0.148364
3.196667 0.851759 0.148241
3.198333 0.851882 0.148118
3.200000 0.852005 0.147995
3.201667 0.852127 0.147873
3.203333 0.852250 0.147750
3.205000 0.852372 0.147628
3.206667 0.852494 0.147506
3.208333 0.852616 0.147384
3.210000 0.852738 0.147262
3.211667 0.852859 0.147141
3.213333 0.852981 0.147019
3.215000 0.853102 0.146898
3.216667 0.853224 0.146776
3.218333 0.853345 0.146655
3.220000 0.853466 0.146534
3.221667 0.853586 0.146414
3.223333 0.853707 0.146293
3.225000 0.853828 0.146172
3.226667 0.853948 0.146052
3.228333 0.854068 0.145932
3.230000 0.854188 0.145812
3.231667 0.854308 0.145692
3.233333 0.854428 0.145572
3.235000 0.854548 0.145452
3.236667 0.854667 0.145333
3.238333 0.854786 0.145214
3.240000 0.854906 0.145094
3.241667 0.855025 0.144975
3.243333 0.855144 0.144856
3.245000 0.855262 0.144738
3.246667 0.855381 0.144619
3.248333 0.855499 0.144501
3.250000 0.855618 0.144382
3.251667 0.855736 0.144264
3.253333 0.855854 0.144146
3.255000 0.855972 0.144028
3.256667 0.856090 0.143910
3.258333 0.856207 0.143793
3.260000 0.856325 0.143675
3.261667 0.856442 0.143558
3.263333 0.856559 0.143441
3.265000 0.856677 0.143323
3.266667 0.856793 0.143207
3.268333 0.856910 0.143090
3.270000 0.857027 0.142973
3.271667 0.857143 0.142857
3.273333 0.857260 0.142740
3.275000 0.857376 0.142624
3.276667 0.857492 0.142508
3.278333 0.857608 0.142392
3.280000 0.857724 0.142276
3.281667 0.857839 0.142161
3.283333 0.857955 0.142045
3.285000 0.858070 0.141930
3.286667 0.858186 0.141814
3.288333 0.858301 0.141699
3.290000 0.858416 0.141584
3.291667 0.858531 0.141469
3.293333 0.858645 0.141355
3.295000 0.858760 0.141240
3.296667 0.858874 0.141126
3.298333 0.858988 0.141012
3.300000 0.859103 0.140897
3.301667 0.859217 0.140783
3.303333 0.859331 0.140669
3.305000 0.859444 0.140556
3.306667 0.859558 0.140442
3.308333 0.859671 0.140329
3.310000 0.859785 0.140215
3.311667 0.859898 0.140102
3.313333 0.860011 0.139989
3.315000 0.860124 0.139876
3.316667 0.860237 0.139763
3.318333 0.860349 0.139651
3.320000 0.860462 0.139538
3.321667 0.860574 0.139426
3.323333 0.860686 0.139314
3.325000 0.860799 0.139201
3.326667 0.860911 0.139089
3.328333 0.861022 0.138978
3.330000 0.861134 0.138866
3.331667 0.861246 0.138754
3.333333 0.861357 0.138643
3.335000 0.861468 0.138532
3.336667 0.861580 0.138420
3.338333 0.861691 0.138309
3.340000 0.861802 0.138198
3.341667 0.861912 0.138088
3.343333 0.862023 0.137977
3.345000 0.862134 0.137866
3.346667 0.862244 0.137756
3.348333 0.862354 0.137646
3.350000 0.862464 0.137536
3.351667 0.862574 0.137426
3.353333 0.862684 0.137316
3.355000 0.862794 0.137206
3.356667 0.862903 0.137097
3.358333 0.863013 0.136987
3.360000 0.863122 0.136878
3.361667 0.863231 0.136769
3.363333 0.863341 0.136659
3.365000 0.863450 0.136550
3.366667 0.863558 0.136442
3.368333 0.863667 0.136333
3.370000 0.863776 0.136224
3.371667 0.863884 0.136116
3.373333 0.863992 0.136008
3.375000 0.864100 0.135900
3.376667 0.864209 0.135791
3.378333 0.864316 0.135684
3.380000 0.864424 0.135576
3.381667 0.864532 0.135468
3.383333 0.864639 0.135361
3.385000 0.864747 0.135253
3.386667 0.864854 0.135146
3.388333 0.864961 0.135039
3.390000 0.865068 0.134932
3.391667 0.865175 0.134825
3.393333 0.865282 0.134718
3.395000 0.865389 0.134611
3.396667 0.865495 0.134505
3.398333 0.865602 0.134398
3.400000 0.865708 0.134292
3.401667 0.865814 0.134186
3.403333 0.865920 0.134080
3.405000 0.866026 0.133974
3.406667 0.866132 0.133868
3.408333 0.866237 0.133763
3.410000 0.866343 0.133657
3.411667 0.866448 0.133552
3.413333 0.866553 0.133447
3.415000 0.866659 0.133341
3.416667 0.866764 0.133236
3.418333 0.866868 0.133132
3.420000 0.866973 0.133027
3.421667 0.867078 0.132922
3.423333 0.867182 0.132818
3.425000 0.867287 0.132713
3.426667 0.867391 0.132609
3.428333 0.867495 0.132505
3.430000 0.867599 0.132401
3.431667 0.867703 0.132297
3.433333 0.867807 0.132193
3.435000 0.867911 0.132089
3.436667 0.868014 0.131986
3.438333 0.868117 0.131883
3.440000 0.868221 0.131779
3.441667 0.868324 0.131676
3.443333 0.868427 0.131573
3.445000 0.868530 0.131470
3.446667 0.868633 0.131367
3.448333 0.868735 0.131265
3.450000 0.868838 0.131162
3.451667 0.868940 0.131060
3.453333 0.869043 0.130957
3.455000 0.869145 0.130855
3.456667 0.869247 0.130753
3.458333 0.869349 0.130651
3.460000 0.869451 0.130549
3.461667 0.869553 0.130447
3.463333 0.869654 0.130346
3.465000 0.869756 0.130244
3.466667 0.869857 0.130143
3.468333 0.869958 0.130042
3.470000 0.870059 0.129941
3.471667 0.870160 0.129840
3.473333 0.870261 0.129739
3.475000 0.870362 0.129638
3.476667 0.870463 0.129537
3.478333 0.870563 0.129437
3.480000 0.870664 0.129336
3.481667 0.870764 0.129236
3.483333 0.870864 0.129136
3.485000 0.870964 0.129036
3.486667 0.871064 0.128936
3.488333 0.871164 0.128836
3.490000 0.871264 0.128736
3.491667 0.871363 0.128637
3.493333 0.871463 0.128537
3.495000 0.871562 0.128438
3.496667 0.871661 0.128339
3.498333 0.871760 0.128240
3.500000 0.871859 0.128141
3.501667 0.871958 0.128042
3.503333 0.872057 0.127943
3.505000 0.872156 0.127844
3.506667 0.872254 0.127746
3.508333 0.872353 0.127647
3.510000 0.872451 0.127549
3.511667 0.872549 0.127451
3.513333 0.872647 0.127353
3.515000 0.872745 0.127255
3.516667 0.872843 0.127157
3.518333 0.872941 0.127059
3.520000 0.873039 0.126961
3.521667 0.873136 0.126864
3.523333 0.873234 0.126766
3.525000 0.873331 0.126669
3.526667 0.873428 0.126572
3.528333 0.873525 0.126475
3.530000 0.873622 0.126378
3.531667 0.873719 0.126281
3.533333 0.873816 0.126184
3.535000 0.873912 0.126088
3.536667 0.874009 0.125991
3.538333 0.874105 0.125895
3.540000 0.874201 0.125799
3.541667 0.874298 0.125702
3.543333 0.874394 0.125606
3.545000 0.874490 0.125510
3.546667 0.874585 0.125415
3.548333 0.874681 0.125319
3.550000 0.874777 0.125223
3.551667 0.874872 0.125128
3.553333 0.874968 0.125032
3.555000 0.875063 0.124937
3.556667 0.875158 0.124842
3.558333 0.875253 0.124747
3.560000 0.875348 0.124652
3.561667 0.875443 0.124557
3.563333 0.875538 0.124462
3.565000 0.875632 0.124368
3.566667 0.875727 0.124273
3.568333 0.875821 0.124179
3.570000 0.875915 0.124085
3.571667 0.876010 0.123990
3.573333 0.876104 0.123896
3.575000 0.876198 0.123802
3.576667 0.876291 0.123709
3.578333 0.876385 0.123615
3.580000 0.876479 0.123521
3.581667 0.876572 0.123428
3.583333 0.876666 0.123334
3.585000 0.876759 0.123241
3.586667 0.876852 0.123148
3.588333 0.876945 0.123055
3.590000 0.877038 0.122962
3.591667 0.877131 0.122869
3.593333 0.877224 0.122776
3.595000 0.877317 0.122683
3.596667 0.877409 0.122591
3.598333 0.877502 0.122498
3.600000 0.877594 0.122406
3.601667 0.877686 0.122314
3.603333 0.877778 0.122222
3.605000 0.877870 0.122130
3.606667 0.877962 0.122038
3.608333 0.878054 0.121946
3.610000 0.878146 0.121854
3.611667 0.878237 0.121763
3.613333 0.878329 0.121671
3.615000 0.878420 0.121580
3.616667 0.878512 0.121488
3.618333 0.878603 0.121397
3.620000 0.878694 0.121306
3.621667 0.878785 0.121215
3.623333 0.878876 0.121124
3.625000 0.878966 0.121034
3.626667 0.879057 0.120943
3.628333 0.879148 0.120852
3.630000 0.879238 0.120762
3.631667 0.879328 0.120672
3.633333 0.879419 0.120581
3.635000 0.879509 0.120491
3.636667 0.879599 0.120401
3.638333 0.879689 0.120311
3.640000 0.879779 0.120221
3.641667 0.879868 0.120132
3.643333 0.879958 0.120042
3.645000 0.880047 0.119953
3.646667 0.880137 0.119863
3.648333 0.880226 0.119774
3.650000 0.880315 0.119685
3.651667 0.880405 0.119595
3.653333 0.880494 0.119506
3.655000 0.880582 0.119418
3.656667 0.880671 0.119329
3.658333 0.880760 0.119240
3.660000 0.880849 0.119151
3.661667 0.880937 0.119063
3.663333 0.881025 0.118975
3.665000 0.881114 0.118886
3.666667 0.881202 0.118798
3.668333 0.881290 0.118710
3.670000 0.881378 0.118622
3.671667 0.881466 0.118534
3.673333 0.881554 0.118446
3.675000 0.881641 0.118359
3.676667 0.881729 0.118271
3.678333 0.881816 0.118184
3.680000 0.881904 0.118096
3.681667 0.881991 0.118009
3.683333 0.882078 0.117922
3.685000 0.882165 0.117835
3.686667 0.882252 0.117748
3.688333 0.882339 0.117661
3.690000 0.882426 0.117574
3.691667 0.882513 0.117487
3.693333 0.882599 0.117401
3.695000 0.882686 0.117314
3.696667 0.882772 0.117228
3.698333 0.882859 0.117141
3.700000 0.882945 0.117055
3.701667 0.883031 0.116969
3.703333 0.883117 0.116883
3.705000 0.883203 0.116797
3.706667 0.883289 0.116711
3.708333 0.883374 0.116626
3.710000 0.883460 0.116540
3.711667 0.883545 0.116455
3.713333 0.883631 0.116369
3.715000 0.883716 0.116284
3.716667 0.883801 0.116199
3.718333 0.883887 0.116113
3.720000 0.883972 0.116028
3.721667 0.884057 0.115943
3.723333 0.884141 0.115859
3.725000 0.884226 0.115774
3.726667 0.884311 0.115689
3.728333 0.884395 0.115605
3.730000 0.884480 0.115520
3.731667 0.884564 0.115436
3.733333 0.884648 0.115352
3.735000 0.884733 0.115267
3.736667 0.884817 0.115183
3.738333 0.884901 0.115099
3.740000 0.884985 0.115015
3.741667 0.885068 0.114932
3.743333 0.885152 0.114848
3.745000 0.885236 0.114764
3.746667 0.885319 0.114681
3.748333 0.885403 0.114597
3.750000 0.885486 0.114514
3.751667 0.885569 0.114431
3.753333 0.885652 0.114348
3.755000 0.885735 0.114265
3.756667 0.885818 0.114182
3.758333 0.885901 0.114099
3.760000 0.885984 0.114016
3.761667 0.886067 0.113933
3.763333 0.886149 0.113851
3.765000 0.886232 0.113768
3.766667 0.886314 0.113686
3.768333 0.886396 0.113604
3.770000 0.886478 0.113522
3.771667 0.886561 0.113439
3.773333 0.886643 0.113357
3.775000 0.886725 0.113275
3.776667 0.886806 0.113194
3.778333 0.886888 0.113112
3.780000 0.886970 0.113030
3.781667 0.887051 0.112949
3.783333 0.887133 0.112867
3.785000 0.887214 0.112786
3.786667 0.887295 0.112705
3.788333 0.887377 0.112623
3.790000 0.887458 0.112542
3.791667 0.887539 0.112461
3.793333 0.887620 0.112380
3.795000 0.887700 0.112300
3.796667 0.887781 0.112219
3.798333 0.887862 0.112138
3.800000 0.887942 0.112058
3.801667 0.888023 0.111977
3.803333 0.888103 0.111897
3.805000 0.888183 0.111817
3.806667 0.888264 0.111736
3.808333 0.888344 0.111656
3.810000 0.888424 0.111576
3.811667 0.888504 0.111496
3.813333 0.888584 0.111416
3.815000 0.888663 0.111337
3.816667 0.888743 0.111257
3.818333 0.888823 0.111177
3.820000 0.888902 0.111098
3.821667 0.888981 0.111019
3.823333 0.889061 0.110939
3.825000 0.889140 0.110860
3.826667 0.889219 0.110781
3.828333 0.889298 0.110702
3.830000 0.889377 0.110623
3.831667 0.889456 0.110544
3.833333 0.889535 0.110465
3.835000 0.889613 0.110387
3.836667 0.889692 0.110308
3.838333 0.889770 0.110230
3.840000 0.889849 0.110151
3.841667 0.889927 0.110073
3.843333 0.890005 0.109995
3.845000 0.890084 0.109916
3.846667 0.890162 0.109838
3.848333 0.890240 0.109760
3.850000 0.890318 0.109682
3.851667 0.890395 0.109605
3.853333 0.890473 0.109527
3.855000 0.890551 0.109449
3.856667 0.890628 0.109372
3.858333 0.890706 0.109294
3.860000 0.890783 0.109217
3.861667 0.890860 0.109140
3.863333 0.890938 0.109062
3.865000 0.891015 0.108985
3.866667 0.891092 0.108908
3.868333 0.891169 0.108831
3.870000 0.891246 0.108754
3.871667 0.891322 0.108678
3.873333 0.891399 0.108601
3.875000 0.891476 0.108524
3.876667 0.891552 0.108448
3.878333 0.891629 0.108371
3.880000 0.891705 0.108295
3.881667 0.891781 0.108219
3.883333 0.891858 0.108142
3.885000 0.891934 0.108066
3.886667 0.892010 0.107990
3.888333 0.892086 0.107914
3.890000 0.892161 0.107839
3.891667 0.892237 0.107763
3.893333 0.892313 0.107687
3.895000 0.892388 0.107612
3.896667 0.892464 0.107536
3.898333 0.892539 0.107461
3.900000 0.892615 0.107385
3.901667 0.892690 0.107310
3.903333 0.892765 0.107235
3.905000 0.892840 0.107160
3.906667 0.892915 0.107085
3.908333 0.892990 0.107010
3.910000 0.893065 0.106935
3.911667 0.893140 0.106860
3.913333 0.893215 0.106785
3.915000 0.893289 0.106711
3.916667 0.893364 0.106636
3.918333 0.893438 0.106562
3.920000 0.893513 0.106487
3.921667 0.893587 0.106413
3.923333 0.893661 0.106339
3.925000 0.893735 0.106265
3.926667 0.893809 0.106191
3.928333 0.893883 0.106117
3.930000 0.893957 0.106043
3.931667 0.894031 0.105969
3.933333 0.894104 0.105896
3.935000 0.894178 0.105822
3.936667 0.894252 0.105748
3.938333 0.894325 0.105675
3.940000 0.894398 0.105602
3.941667 0.894472 0.105528
3.943333 0.894545 0.105455
3.945000 0.894618 0.105382
3.946667 0.894691 0.105309
3.948333 0.894764 0.105236
3.950000 0.894837 0.105163
3.951667 0.894910 0.105090
3.953333 0.894983 0.105017
3.955000 0.895055 0.104945
3.956667 0.895128 0.104872
3.958333 0.895200 0.104800
3.960000 0.895273 0.104727
3.961667 0.895345 0.104655
3.963333 0.895417 0.104583
3.965000 0.895490 0.104510
3.966667 0.895562 0.104438
3.968333 0.895634 0.104366
3.970000 0.895706 0.104294
3.971667 0.895778 0.104222
3.973333 0.895849 0.104151
3.975000 0.895921 0.104079
3.976667 0.895993 0.104007
3.978333 0.896064 0.103936
3.980000 0.896136 0.103864
3.981667 0.896207 0.103793
3.983333 0.896279 0.103721
3.985000 0.896350 0.103650
3.986667 0.896421 0.103579
3.988333 0.896492 0.103508
3.990000 0.896563 0.103437
3.991667 0.896634 0.103366
3.993333 0.896705 0.103295
3.995000 0.896776 0.103224
3.996667 0.896846 0.103154
3.998333 0.896917 0.103083
4.000000 0.896988 0.103012
4.001667 0.897058 0.102942
4.003333 0.897128 0.102872
4.005000 0.897199 0.102801
4.006667 0.897269 0.102731
4.008333 0.897339 0.102661
4.010000 0.897409 0.102591
4.011667 0.897479 0.102521
4.013333 0.897549 0.102451
4.015000 0.897619 0.102381
4.016667 0.897689 0.102311
4.018333 0.897759 0.102241
4.020000 0.897828 0.102172
4.021667 0.897898 0.102102
4.023333 0.897967 0.102033
4.025000 0.898037 0.101963
4.026667 0.898106 0.101894
4.028333 0.898175 0.101825
4.030000 0.898245 0.101755
4.031667 0.898314 0.101686
4.033333 0.898383 0.101617
4.035000 0.898452 0.101548
4.036667 0.898521 0.101479
4.038333 0.898589 0.101411
4.040000 0.898658 0.101342
4.041667 0.898727 0.101273
4.043333 0.898795 0.101205
4.045000 0.898864 0.101136
4.046667 0.898932 0.101068
4.048333 0.899001 0.100999
4.050000 0.899069 0.100931
4.051667 0.899137 0.100863
4.053333 0.899206 0.100794
4.055000 0.899274 0.100726
4.056667 0.899342 0.100658
4.058333 0.899410 0.100590
4.060000 0.899477 0.100523
4.061667 0.899545 0.100455
4.063333 0.899613 0.100387
4.065000 0.899681 0.100319
4.066667 0.899748 0.100252
4.068333 0.899816 0.100184
4.070000 0.899883 0.100117
4.071667 0.899950 0.100050
4.073333 0.900018 0.099982
4.075000 0.900085 0.099915
4.076667 0.900152 0.099848
4.078333 0.900219 0.099781
4.080000 0.900286 0.099714
4.081667 0.900353 0.099647
4.083333 0.900420 0.099580
4.085000 0.900487 0.099513
4.086667 0.900553 0.099447
4.088333 0.900620 0.099380
4.090000 0.900687 0.099313
4.091667 0.900753 0.099247
4.093333 0.900819 0.099181
4.095000 0.900886 0.099114
4.096667 0.900952 0.099048
4.098333 0.901018 0.098982
4.100000 0.901084 0.098916
4.101667 0.901150 0.098850
4.103333 0.901216 0.098784
4.105000 0.901282 0.098718
4.106667 0.901348 0.098652
4.108333 0.901414 0.098586
4.110000 0.901480 0.098520
4.111667 0.901545 0.098455
4.113333 0.901611 0.098389
4.115000 0.901676 0.098324
4.116667 0.901742 0.098258
4.118333 0.901807 0.098193
4.120000 0.901873 0.098127
4.121667 0.901938 0.098062
4.123333 0.902003 0.097997
4.125000 0.902068 0.097932
4.126667 0.902133 0.097867
4.128333 0.902198 0.097802
4.130000 0.902263 0.097737
4.131667 0.902328 0.097672
4.133333 0.902392 0.097608
4.135000 0.902457 0.097543
4.136667 0.902522 0.097478
4.138333 0.902586 0.097414
4.140000 0.902651 0.097349
4.141667 0.902715 0.097285
4.143333 0.902779 0.097221
4.145000 0.902844 0.097156
4.146667 0.902908 0.097092
4.148333 0.902972 0.097028
4.150000 0.903036 0.096964
4.151667 0.903100 0.096900
4.153333 0.903164 0.096836
4.155000 0.903228 0.096772
4.156667 0.903292 0.096708
4.158333 0.903355 0.096645
4.160000 0.903419 0.096581
4.161667 0.903483 0.096517
4.163333 0.903546 0.096454
4.165000 0.903609 0.096391
4.166667 0.903673 0.096327
4.168333 0.903736 0.096264
4.170000 0.903799 0.096201
4.171667 0.903863 0.096137
4.173333 0.903926 0.096074
4.175000 0.903989 0.096011
4.176667 0.904052 0.095948
4.178333 0.904115 0.095885
4.180000 0.904178 0.095822
4.181667 0.904240 0.095760
4.183333 0.904303 0.095697
4.185000 0.904366 0.095634
4.186667 0.904428 0.095572
4.188333 0.904491 0.095509
4.190000 0.904553 0.095447
4.191667 0.904616 0.095384
4.193333 0.904678 0.095322
4.195000 0.904740 0.095260
4.196667 0.904802 0.095198
4.198333 0.904864 0.095136
4.200000 0.904927 0.095073
4.201667 0.904989 0.095011
4.203333 0.905050 0.094950
4.205000 0.905112 0.094888
4.206667 0.905174 0.094826
4.208333 0.905236 0.094764
4.210000 0.905298 0.094702
4.211667 0.905359 0.094641
4.213333 0.905421 0.094579
4.215000 0.905482 0.094518
4.216667 0.905544 0.094456
4.218333 0.905605 0.094395
4.220000 0.905666 0.094334
4.221667 0.905727 0.094273
4.223333 0.905789 0.094211
4.225000 0.905850 0.094150
4.226667 0.905911 0.094089
4.228333 0.905972 0.094028
4.230000 0.906033 0.093967
4.231667 0.906093 0.093907
4.233333 0.906154 0.093846
4.235000 0.906215 0.093785
4.236667 0.906275 0.093725
4.238333 0.906336 0.093664
4.240000 0.906397 0.093603
4.241667 0.906457 0.093543
4.243333 0.906517 0.093483
4.245000 0.906578 0.093422
4.246667 0.906638 0.093362
4.248333 0.906698 0.093302
4.250000 0.906758 0.093242
4.251667 0.906818 0.093182
4.253333 0.906878 0.093122
4.255000 0.906938 0.093062
4.256667 0.906998 0.093002
4.258333 0.907058 0.092942
4.260000 0.907118 0.092882
4.261667 0.907178 0.092822
4.263333 0.907237 0.092763
4.265000 0.907297 0.092703
4.266667 0.907356 0.092644
4.268333 0.907416 0.092584
4.270000 0.907475 0.092525
4.271667 0.907534 0.092466
4.273333 0.907594 0.092406
4.275000 0.907653 0.092347
4.276667 0.907712 0.092288
4.278333 0.907771 0.092229
4.280000 0.907830 0.092170
4.281667 0.907889 0.092111
4.283333 0.907948 0.092052
4.285000 0.908007 0.091993
4.286667 0.908066 0.091934
4.288333 0.908124 0.091876
4.290000 0.908183 0.091817
4.291667 0.908242 0.091758
4.293333 0.908300 0.091700
4.295000 0.908359 0.091641
4.296667 0.908417 0.091583
4.298333 0.908475 0.091525
4.300000 0.908534 0.091466
4.301667 0.908592 0.091408
4.303333 0.908650 0.091350
4.305000 0.908708 0.091292
4.306667 0.908766 0.091234
4.308333 0.908824 0.091176
4.310000 0.908882 0.091118
4.311667 0.908940 0.091060
4.313333 0.908998 0.091002
4.315000 0.909056 0.090944
4.316667 0.909113 0.090887
4.318333 0.909171 0.090829
4.320000 0.909229 0.090771
4.321667 0.909286 0.090714
4.323333 0.909344 0.090656
4.325000 0.909401 0.090599
4.326667 0.909458 0.090542
4.328333 0.909516 0.090484
4.330000 0.909573 0.090427
4.331667 0.909630 0.090370
4.333333 0.909687 0.090313
4.335000 0.909744 0.090256
4.336667 0.909801 0.090199
4.338333 0.909858 0.090142
4.340000 0.909915 0.090085
4.341667 0.909972 0.090028
4.343333 0.910028 0.089972
4.345000 0.910085 0.089915
4.346667 0.910142 0.089858
4.348333 0.910198 0.089802
4.350000 0.910255 0.089745
4.351667 0.910311 0.089689
4.353333 0.910368 0.089632
4.355000 0.910424 0.089576
4.356667 0.910480 0.089520
4.358333 0.910537 0.089463
4.360000 0.910593 0.089407
4.361667 0.910649 0.089351
4.363333 0.910705 0.089295
4.365000 0.910761 0.089239
4.366667 0.910817 0.089183
4.368333 0.910873 0.089127
4.370000 0.910929 0.089071
4.371667 0.910984 0.089016
4.373333 0.911040 0.088960
4.375000 0.911096 0.088904
4.376667 0.911151 0.088849
4.378333 0.911207 0.088793
4.380000 0.911262 0.088738
4.381667 0.911318 0.088682
4.383333 0.911373 0.088627
4.385000 0.911428 0.088572
4.386667 0.911484 0.088516
4.388333 0.911539 0.088461
4.390000 0.911594 0.088406
4.391667 0.911649 0.088351
4.393333 0.911704 0.088296
4.395000 0.911759 0.088241
4.396667 0.911814 0.088186
4.398333 0.911869 0.088131
4.400000 0.911924 0.088076
4.401667 0.911979 0.088021
4.403333 0.912033 0.087967
4.405000 0.912088 0.087912
4.406667 0.912143 0.087857
4.408333 0.912197 0.087803
4.410000 0.912252 0.087748
4.411667 0.912306 0.087694
4.413333 0.912360 0.087640
4.415000 0.912415 0.087585
4.416667 0.912469 0.087531
4.418333 0.912523 0.087477
4.420000 0.912577 0.087423
4.421667 0.912631 0.087369
4.423333 0.912685 0.087315
4.425000 0.912739 0.087261
4.426667 0.912793 0.087207
4.428333 0.912847 0.087153
4.430000 0.912901 0.087099
4.431667 0.912955 0.087045
4.433333 0.913008 0.086992
4.435000 0.913062 0.086938
4.436667 0.913116 0.086884
4.438333 0.913169 0.086831
4.440000 0.913223 0.086777
4.441667 0.913276 0.086724
4.443333 0.913330 0.086670
4.445000 0.913383 0.086617
4.446667 0.913436 0.086564
4.448333 0.913489 0.086511
4.450000 0.913543 0.086457
4.451667 0.913596 0.086404
4.453333 0.913649 0.086351
4.455000 0.913702 0.086298
4.456667 0.913755 0.086245
4.458333 0.913808 0.086192
4.460000 0.913861 0.086139
4.461667 0.913913 0.086087
4.463333 0.913966 0.086034
4.465000 0.914019 0.085981
4.466667 0.914071 0.085929
4.468333 0.914124 0.085876
4.470000 0.914177 0.085823
4.471667 0.914229 0.085771
4.473333 0.914281 0.085719
4.475000 0.914334 0.085666
4.476667 0.914386 0.085614
4.478333 0.914438 0.085562
4.480000 0.914491 0.085509
4.481667 0.914543 0.085457
4.483333 0.914595 0.085405
4.485000 0.914647 0.085353
4.486667 0.914699 0.085301
4.488333 0.914751 0.085249
4.490000 0.914803 0.085197
4.491667 0.914855 0.085145
4.493333 0.914907 0.085093
4.495000 0.914958 0.085042
4.496667 0.915010 0.084990
4.498333 0.915062 0.084938
4.500000 0.915113 0.084887
4.501667 0.915165 0.084835
4.503333 0.915216 0.084784
4.505000 0.915268 0.084732
4.506667 0.915319 0.084681
4.508333 0.915370 0.084630
4.510000 0.915422 0.084578
4.511667 0.915473 0.084527
4.513333 0.915524 0.084476
4.515000 0.915575 0.084425
4.516667 0.915626 0.084374
4.518333 0.915677 0.084323
4.520000 0.915728 0.084272
4.521667 0.915779 0.084221
4.523333 0.915830 0.084170
4.525000 0.915881 0.084119
4.526667 0.915932 0.084068
4.528333 0.915983 0.084017
4.530000 0.916033 0.083967
4.531667 0.916084 0.083916
4.533333 0.916134 0.083866
4.535000 0.916185 0.083815
4.536667 0.916235 0.083765
4.538333 0.916286 0.083714
4.540000 0.916336 0.083664
4.541667 0.916387 0.083613
4.543333 0.916437 0.083563
4.545000 0.916487 0.083513
4.546667 0.916537 0.083463
4.548333 0.916587 0.083413
4.550000 0.916637 0.083363
4.551667 0.916688 0.083312
4.553333 0.916737 0.083263
4.555000 0.916787 0.083213
4.556667 0.916837 0.083163
4.558333 0.916887 0.083113
4.560000 0.916937 0.083063
4.561667 0.916987 0.083013
4.563333 0.917036 0.082964
4.565000 0.917086 0.082914
4.566667 0.917136 0.082864
4.568333 0.917185 0.082815
4.570000 0.917235 0.082765
4.571667 0.917284 0.082716
4.573333 0.917333 0.082667
4.575000 0.917383 0.082617
4.576667 0.917432 0.082568
4.578333 0.917481 0.082519
4.580000 0.917530 0.082470
4.581667 0.917580 0.082420
4.583333 0.917629 0.082371
4.585000 0.917678 0.082322
4.586667 0.917727 0.082273
4.588333 0.917776 0.082224
4.590000 0.917825 0.082175
4.591667 0.917873 0.082127
4.593333 0.917922 0.082078
4.595000 0.917971 0.082029
4.596667 0.918020 0.081980
4.598333 0.918068 0.081932
4.600000 0.918117 0.081883
4.601667 0.918166 0.081834
4.603333 0.918214 0.081786
4.605000 0.918263 0.081737
4.606667 0.918311 0.081689
4.608333 0.918359 0.081641
4.610000 0.918408 0.081592
4.611667 0.918456 0.081544
4.613333 0.918504 0.081496
4.615000 0.918552 0.081448
4.616667 0.918601 0.081399
4.618333 0.918649 0.081351
4.620000 0.918697 0.081303
4.621667 0.918745 0.081255
4.623333 0.918793 0.081207
4.625000 0.918841 0.081159
4.626667 0.918888 0.081112
4.628333 0.918936 0.081064
4.630000 0.918984 0.081016
4.631667 0.919032 0.080968
4.633333 0.919079 0.080921
4.635000 0.919127 0.080873
4.636667 0.919175 0.080825
4.638333 0.919222 0.080778
4.640000 0.919270 0.080730
4.641667 0.919317 0.080683
4.643333 0.919365 0.080635
4.645000 0.919412 0.080588
4.646667 0.919459 0.080541
4.648333 0.919506 0.080494
4.650000 0.919554 0.080446
4.651667 0.919601 0.080399
4.653333 0.919648 0.080352
4.655000 0.919695 0.080305
4.656667 0.919742 0.080258
4.658333 0.919789 0.080211
4.660000 0.919836 0.080164
4.661667 0.919883 0.080117
4.663333 0.919930 0.080070
4.665000 0.919977 0.080023
4.666667 0.920023 0.079977
4.668333 0.920070 0.079930
4.670000 0.920117 0.079883
4.671667 0.920163 0.079837
4.673333 0.920210 0.079790
4.675000 0.920256 0.079744
4.676667 0.920303 0.079697
4.678333 0.920349 0.079651
4.680000 0.920396 0.079604
4.681667 0.920442 0.079558
4.683333 0.920488 0.079512
4.685000 0.920535 0.079465
4.686667 0.920581 0.079419
4.688333 0.920627 0.079373
4.690000 0.920673 0.079327
4.691667 0.920719 0.079281
4.693333 0.920765 0.079235
4.695000 0.920811 0.079189
4.696667 0.920857 0.079143
4.698333 0.920903 0.079097
4.700000 0.920949 0.079051
4.701667 0.920995 0.079005
4.703333 0.921041 0.078959
4.705000 0.921086 0.078914
4.706667 0.921132 0.078868
4.708333 0.921178 0.078822
4.710000 0.921223 0.078777
4.711667 0.921269 0.078731
4.713333 0.921314 0.078686
4.715000 0.921360 0.078640
4.716667 0.921405 0.078595
4.718333 0.921450 0.078550
4.720000 0.921496 0.078504
4.721667 0.921541 0.078459
4.723333 0.921586 0.078414
4.725000 0.921632 0.078368
4.726667 0.921677 0.078323
4.728333 0.921722 0.078278
4.730000 0.921767 0.078233
4.731667 0.921812 0.078188
4.733333 0.921857 0.078143
4.735000 0.921902 0.078098
4.736667 0.921947 0.078053
4.738333 0.921992 0.078008
4.740000 0.922036 0.077964
4.741667 0.922081 0.077919
4.743333 0.922126 0.077874
4.745000 0.922171 0.077829
4.746667 0.922215 0.077785
4.748333 0.922260 0.077740
4.750000 0.922304 0.077696
4.751667 0.922349 0.077651
4.753333 0.922393 0.077607
4.755000 0.922438 0.077562
4.756667 0.922482 0.077518
4.758333 0.922526 0.077474
4.760000 0.922571 0.077429
4.761667 0.922615 0.077385
4.763333 0.922659 0.077341
4.765000 0.922703 0.077297
4.766667 0.922748 0.077252
4.768333 0.922792 0.077208
4.770000 0.922836 0.077164
4.771667 0.922880 0.077120
4.773333 0.922924 0.077076
4.775000 0.922968 0.077032
4.776667 0.923011 0.076989
4.778333 0.923055 0.076945
4.780000 0.923099 0.076901
4.781667 0.923143 0.076857
4.783333 0.923187 0.076813
4.785000 0.923230 0.076770
4.786667 0.923274 0.076726
4.788333 0.923317 0.076683
4.790000 0.923361 0.076639
4.791667 0.923405 0.076595
4.793333 0.923448 0.076552
4.795000 0.923491 0.076509
4.796667 0.923535 0.076465
4.798333 0.923578 0.076422
4.800000 0.923621 0.076379
4.801667 0.923665 0.076335
4.803333 0.923708 0.076292
4.805000 0.923751 0.076249
4.806667 0.923794 0.076206
4.808333 0.923837 0.076163
4.810000 0.923880 0.076120
4.811667 0.923923 0.076077
4.813333 0.923966 0.076034
4.815000 0.924009 0.075991
4.816667 0.924052 0.075948
4.818333 0.924095 0.075905
4.820000 0.924138 0.075862
4.821667 0.924181 0.075819
4.823333 0.924223 0.075777
4.825000 0.924266 0.075734
4.826667 0.924309 0.075691
4.828333 0.924351 0.075649
4.830000 0.924394 0.075606
4.831667 0.924436 0.075564
4.833333 0.924479 0.075521
4.835000 0.924521 0.075479
4.836667 0.924564 0.075436
4.838333 0.924606 0.075394
4.840000 0.924648 0.075352
4.841667 0.924691 0.075309
4.843333 0.924733 0.075267
4.845000 0.924775 0.075225
4.846667 0.924817 0.075183
4.848333 0.924859 0.075141
4.850000 0.924902 0.075098
4.851667 0.924944 0.075056
4.853333 0.924986 0.075014
4.855000 0.925028 0.074972
4.856667 0.925070 0.074930
4.858333 0.925111 0.074889
4.860000 0.925153 0.074847
4.861667 0.925195 0.074805
4.863333 0.925237 0.074763
4.865000 0.925279 0.074721
4.866667 0.925320 0.074680
4.868333 0.925362 0.074638
4.870000 0.925404 0.074596
4.871667 0.925445 0.074555
4.873333 0.925487 0.074513
4.875000 0.925528 0.074472
4.876667 0.925570 0.074430
4.878333 0.925611 0.074389
4.880000 0.925652 0.074348
4.881667 0.925694 0.074306
4.883333 0.925735 0.074265
4.885000 0.925776 0.074224
4.886667 0.925818 0.074182
4.888333 0.925859 0.074141
4.890000 0.925900 0.074100
4.891667 0.925941 0.074059
4.893333 0.925982 0.074018
4.895000 0.926023 0.073977
4.896667 0.926064 0.073936
4.898333 0.926105 0.073895
4.900000 0.926146 0.073854
4.901667 0.926187 0.073813
4.903333 0.926228 0.073772
4.905000 0.926269 0.073731
4.906667 0.926309 0.073691
4.908333 0.926350 0.073650
4.910000 0.926391 0.073609
4.911667 0.926431 0.073569
4.913333 0.926472 0.073528
4.915000 0.926513 0.073487
4.916667 0.926553 0.073447
4.918333 0.926594 0.073406
4.920000 0.926634 0.073366
4.921667 0.926675 0.073325
4.923333 0.926715 0.073285
4.925000 0.926755 0.073245
4.926667 0.926796 0.073204
4.928333 0.926836 0.073164
4.930000 0.926876 0.073124
4.931667 0.926916 0.073084
4.933333 0.926957 0.073043
4.935000 0.926997 0.073003
4.936667 0.927037 0.072963
4.938333 0.927077 0.072923
4.940000 0.927117 0.072883
4.941667 0.927157 0.072843
4.943333 0.927197 0.072803
4.945000 0.927237 0.072763
4.946667 0.927277 0.072723
4.948333 0.927316 0.072684
4.950000 0.927356 0.072644
4.951667 0.927396 0.072604
4.953333 0.927436 0.072564
4.955000 0.927475 0.072525
4.956667 0.927515 0.072485
4.958333 0.927555 0.072445
4.960000 0.927594 0.072406
4.961667 0.927634 0.072366
4.963333 0.927673 0.072327
4.965000 0.927713 0.072287
4.966667 0.927752 0.072248
4.968333 0.927792 0.072208
4.970000 0.927831 0.072169
4.971667 0.927870 0.072130
4.973333 0.927910 0.072090
4.975000 0.927949 0.072051
4.976667 0.927988 0.072012
4.978333 0.928027 0.071973
4.980000 0.928066 0.071934
4.981667 0.928106 0.071894
4.983333 0.928145 0.071855
4.985000 0.928184 0.071816
4.986667 0.928223 0.071777
4.988333 0.928262 0.071738
4.990000 0.928301 0.071699
4.991667 0.928339 0.071661
4.993333 0.928378 0.071622
4.995000 0.928417 0.071583
4.996667 0.928456 0.071544
4.998333 0.928495 0.071505
5.000000 0.928533 0.071467
