0.000000 0.000000 1.000000
0.001667 0.001143 0.998857
0.003333 0.002285 0.997715
0.005000 0.003427 0.996573
0.006667 0.004568 0.995432
0.008333 0.005709 0.994291
0.010000 0.006849 0.993151
0.011667 0.007988 0.992012
0.013333 0.009127 0.990873
0.015000 0.010266 0.989734
0.016667 0.011403 0.988597
0.018333 0.012541 0.987459
0.020000 0.013677 0.986323
0.021667 0.014813 0.985187
0.023333 0.015949 0.984051
0.025000 0.017084 0.982916
0.026667 0.018218 0.981782
0.028333 0.019352 0.980648
0.030000 0.020485 0.979515
0.031667 0.021618 0.978382
0.033333 0.022750 0.977250
0.035000 0.023882 0.976118
0.036667 0.025013 0.974987
0.038333 0.026143 0.973857
0.040000 0.027273 0.972727
0.041667 0.028402 0.971598
0.043333 0.029531 0.970469
0.045000 0.030659 0.969341
0.046667 0.031787 0.968213
0.048333 0.032914 0.967086
0.050000 0.034040 0.965960
0.051667 0.035166 0.964834
0.053333 0.036291 0.963709
0.055000 0.037416 0.962584
0.056667 0.038540 0.961460
0.058333 0.039664 0.960336
0.060000 0.040787 0.959213
0.061667 0.041909 0.958091
0.063333 0.043031 0.956969
0.065000 0.044152 0.955848
0.066667 0.045273 0.954727
0.068333 0.046393 0.953607
0.070000 0.047512 0.952488
0.071667 0.048631 0.951369
0.073333 0.049750 0.950250
0.075000 0.050868 0.949132
0.076667 0.051985 0.948015
0.078333 0.053101 0.946899
0.080000 0.054217 0.945783
0.081667 0.055333 0.944667
0.083333 0.056448 0.943552
0.085000 0.057562 0.942438
0.086667 0.058676 0.941324
0.088333 0.059789 0.940211
0.090000 0.060901 0.939099
0.091667 0.062013 0.937987
0.093333 0.063125 0.936875
0.095000 0.064235 0.935765
0.096667 0.065346 0.934654
0.098333 0.066455 0.933545
0.100000 0.067564 0.932436
0.101667 0.068673 0.931327
0.103333 0.069781 0.930219
0.105000 0.070888 0.929112
0.106667 0.071994 0.928006
0.108333 0.073101 0.926899
0.110000 0.074206 0.925794
0.111667 0.075311 0.924689
0.113333 0.076415 0.923585
0.115000 0.077519 0.922481
0.116667 0.078622 0.921378
0.118333 0.079725 0.920275
0.120000 0.080827 0.919173
0.121667 0.081928 0.918072
0.123333 0.083029 0.916971
0.125000 0.084129 0.915871
0.126667 0.085228 0.914772
0.128333 0.086327 0.913673
0.130000 0.087426 0.912574
0.131667 0.088524 0.911476
0.133333 0.089621 0.910379
0.135000 0.090717 0.909283
0.136667 0.091813 0.908187
0.138333 0.092909 0.907091
0.140000 0.094004 0.905996
0.141667 0.095098 0.904902
0.143333 0.096191 0.903809
0.145000 0.097284 0.902716
0.146667 0.098377 0.901623
0.148333 0.099469 0.900531
0.150000 0.100560 0.899440
0.151667 0.101650 0.898350
0.153333 0.102740 0.897260
0.155000 0.103830 0.896170
0.156667 0.104919 0.895081
0.158333 0.106007 0.893993
0.160000 0.107094 0.892906
0.161667 0.108181 0.891819
0.163333 0.109268 0.890732
0.165000 0.110353 0.889647
0.166667 0.111439 0.888561
0.168333 0.112523 0.887477
0.170000 0.113607 0.886393
0.171667 0.114691 0.885309
0.173333 0.115773 0.884227
0.175000 0.116855 0.883145
0.176667 0.117937 0.882063
0.178333 0.119018 0.880982
0.180000 0.120098 0.879902
0.181667 0.121178 0.878822
0.183333 0.122257 0.877743
0.185000 0.123335 0.876665
0.186667 0.124413 0.875587
0.188333 0.125491 0.874509
0.190000 0.126567 0.873433
0.191667 0.127643 0.872357
0.193333 0.128719 0.871281
0.195000 0.129793 0.870207
0.196667 0.130868 0.869132
0.198333 0.131941 0.868059
0.200000 0.133014 0.866986
0.201667 0.134087 0.865913
0.203333 0.135158 0.864842
0.205000 0.136229 0.863771
0.206667 0.137300 0.862700
0.208333 0.138370 0.861630
0.210000 0.139439 0.860561
0.211667 0.140508 0.859492
0.213333 0.141576 0.858424
0.215000 0.142643 0.857357
0.216667 0.143710 0.856290
0.218333 0.144776 0.855224
0.220000 0.145842 0.854158
0.221667 0.146907 0.853093
0.223333 0.147971 0.852029
0.225000 0.149035 0.850965
0.226667 0.150098 0.849902
0.228333 0.151160 0.848840
0.230000 0.152222 0.847778
0.231667 0.153283 0.846717
0.233333 0.154344 0.845656
0.235000 0.155404 0.844596
0.236667 0.156463 0.843537
0.238333 0.157522 0.842478
0.240000 0.158580 0.841420
0.241667 0.159637 0.840363
0.243333 0.160694 0.839306
0.245000 0.161750 0.838250
0.246667 0.162806 0.837194
0.248333 0.163861 0.836139
0.250000 0.164915 0.835085
0.251667 0.165969 0.834031
0.253333 0.167022 0.832978
0.255000 0.168074 0.831926
0.256667 0.169126 0.830874
0.258333 0.170177 0.829823
0.260000 0.171228 0.828772
0.261667 0.172277 0.827723
0.263333 0.173327 0.826673
0.265000 0.174375 0.825625
0.266667 0.175423 0.824577
0.268333 0.176471 0.823529
0.270000 0.177517 0.822483
0.271667 0.178564 0.821436
0.273333 0.179609 0.820391
0.275000 0.180654 0.819346
0.276667 0.181698 0.818302
0.278333 0.182742 0.817258
0.280000 0.183784 0.816216
0.281667 0.184827 0.815173
0.283333 0.185868 0.814132
0.285000 0.186909 0.813091
0.286667 0.187950 0.812050
0.288333 0.188989 0.811011
0.290000 0.190029 0.809971
0.291667 0.191067 0.808933
0.293333 0.192105 0.807895
0.295000 0.193142 0.806858
0.296667 0.194178 0.805822
0.298333 0.195214 0.804786
0.300000 0.196250 0.803750
0.301667 0.197284 0.802716
0.303333 0.198318 0.801682
0.305000 0.199351 0.800649
0.306667 0.200384 0.799616
0.308333 0.201416 0.798584
0.310000 0.202448 0.797552
0.311667 0.203478 0.796522
0.313333 0.204508 0.795492
0.315000 0.205538 0.794462
0.316667 0.206567 0.793433
0.318333 0.207595 0.792405
0.320000 0.208622 0.791378
0.321667 0.209649 0.790351
0.323333 0.210675 0.789325
0.325000 0.211701 0.788299
0.326667 0.212726 0.787274
0.328333 0.213750 0.786250
0.330000 0.214774 0.785226
0.331667 0.215796 0.784204
0.333333 0.216819 0.783181
0.335000 0.217840 0.782160
0.336667 0.218861 0.781139
0.338333 0.219882 0.780118
0.340000 0.220901 0.779099
0.341667 0.221920 0.778080
0.343333 0.222939 0.777061
0.345000 0.223957 0.776043
0.346667 0.224974 0.775026
0.348333 0.225990 0.774010
0.350000 0.227006 0.772994
0.351667 0.228021 0.771979
0.353333 0.229035 0.770965
0.355000 0.230049 0.769951
0.356667 0.231062 0.768938
0.358333 0.232075 0.767925
0.360000 0.233086 0.766914
0.361667 0.234098 0.765902
0.363333 0.235108 0.764892
0.365000 0.236118 0.763882
0.366667 0.237127 0.762873
0.368333 0.238136 0.761864
0.370000 0.239143 0.760857
0.371667 0.240151 0.759849
0.373333 0.241157 0.758843
0.375000 0.242163 0.757837
0.376667 0.243168 0.756832
0.378333 0.244173 0.755827
0.380000 0.245177 0.754823
0.381667 0.246180 0.753820
0.383333 0.247182 0.752818
0.385000 0.248184 0.751816
0.386667 0.249185 0.750815
0.388333 0.250186 0.749814
0.390000 0.251186 0.748814
0.391667 0.252185 0.747815
0.393333 0.253184 0.746816
0.395000 0.254182 0.745818
0.396667 0.255179 0.744821
0.398333 0.256175 0.743825
0.400000 0.257171 0.742829
0.401667 0.258166 0.741834
0.403333 0.259161 0.740839
0.405000 0.260155 0.739845
0.406667 0.261148 0.738852
0.408333 0.262140 0.737860
0.410000 0.263132 0.736868
0.411667 0.264123 0.735877
0.413333 0.265114 0.734886
0.415000 0.266104 0.733896
0.416667 0.267093 0.732907
0.418333 0.268081 0.731919
0.420000 0.269069 0.730931
0.421667 0.270056 0.729944
0.423333 0.271043 0.728957
0.425000 0.272028 0.727972
0.426667 0.273014 0.726986
0.428333 0.273998 0.726002
0.430000 0.274982 0.725018
0.431667 0.275965 0.724035
0.433333 0.276947 0.723053
0.435000 0.277929 0.722071
0.436667 0.278910 0.721090
0.438333 0.279890 0.720110
0.440000 0.280870 0.719130
0.441667 0.281849 0.718151
0.443333 0.282827 0.717173
0.445000 0.283805 0.716195
0.446667 0.284782 0.715218
0.448333 0.285758 0.714242
0.450000 0.286734 0.713266
0.451667 0.287709 0.712291
0.453333 0.288683 0.711317
0.455000 0.289656 0.710344
0.456667 0.290629 0.709371
0.458333 0.291601 0.708399
0.460000 0.292573 0.707427
0.461667 0.293544 0.706456
0.463333 0.294514 0.705486
0.465000 0.295483 0.704517
0.466667 0.296452 0.703548
0.468333 0.297420 0.702580
0.470000 0.298387 0.701613
0.471667 0.299354 0.700646
0.473333 0.300320 0.699680
0.475000 0.301285 0.698715
0.476667 0.302250 0.697750
0.478333 0.303214 0.696786
0.480000 0.304177 0.695823
0.481667 0.305139 0.694861
0.483333 0.306101 0.693899
0.485000 0.307062 0.692938
0.486667 0.308023 0.691977
0.488333 0.308983 0.691017
0.490000 0.309942 0.690058
0.491667 0.310900 0.689100
0.493333 0.311858 0.688142
0.495000 0.312815 0.687185
0.496667 0.313771 0.686229
0.498333 0.314727 0.685273
0.500000 0.315682 0.684318
0.501667 0.316636 0.683364
0.503333 0.317589 0.682411
0.505000 0.318542 0.681458
0.506667 0.319494 0.680506
0.508333 0.320446 0.679554
0.510000 0.321396 0.678604
0.511667 0.322346 0.677654
0.513333 0.323296 0.676704
0.515000 0.324244 0.675756
0.516667 0.325192 0.674808
0.518333 0.326139 0.673861
0.520000 0.327086 0.672914
0.521667 0.328032 0.671968
0.523333 0.328977 0.671023
0.525000 0.329921 0.670079
0.526667 0.330865 0.669135
0.528333 0.331808 0.668192
0.530000 0.332750 0.667250
0.531667 0.333692 0.666308
0.533333 0.334633 0.665367
0.535000 0.335573 0.664427
0.536667 0.336513 0.663487
0.538333 0.337451 0.662549
0.540000 0.338389 0.661611
0.541667 0.339327 0.660673
0.543333 0.340264 0.659736
0.545000 0.341200 0.658800
0.546667 0.342135 0.657865
0.548333 0.343069 0.656931
0.550000 0.344003 0.655997
0.551667 0.344936 0.655064
0.553333 0.345869 0.654131
0.555000 0.346800 0.653200
0.556667 0.347732 0.652268
0.558333 0.348662 0.651338
0.560000 0.349591 0.650409
0.561667 0.350520 0.649480
0.563333 0.351448 0.648552
0.565000 0.352376 0.647624
0.566667 0.353303 0.646697
0.568333 0.354229 0.645771
0.570000 0.355154 0.644846
0.571667 0.356079 0.643921
0.573333 0.357003 0.642997
0.575000 0.357926 0.642074
0.576667 0.358848 0.641152
0.578333 0.359770 0.640230
0.580000 0.360691 0.639309
0.581667 0.361611 0.638389
0.583333 0.362531 0.637469
0.585000 0.363450 0.636550
0.586667 0.364368 0.635632
0.588333 0.365285 0.634715
0.590000 0.366202 0.633798
0.591667 0.367118 0.632882
0.593333 0.368034 0.631966
0.595000 0.368948 0.631052
0.596667 0.369862 0.630138
0.598333 0.370775 0.629225
0.600000 0.371688 0.628312
0.601667 0.372599 0.627401
0.603333 0.373510 0.626490
0.605000 0.374421 0.625579
0.606667 0.375330 0.624670
0.608333 0.376239 0.623761
0.610000 0.377147 0.622853
0.611667 0.378054 0.621946
0.613333 0.378961 0.621039
0.615000 0.379867 0.620133
0.616667 0.380772 0.619228
0.618333 0.381677 0.618323
0.620000 0.382581 0.617419
0.621667 0.383484 0.616516
0.623333 0.384386 0.615614
0.625000 0.385287 0.614713
0.626667 0.386188 0.613812
0.628333 0.387088 0.612912
0.630000 0.387988 0.612012
0.631667 0.388887 0.611113
0.633333 0.389785 0.610215
0.635000 0.390682 0.609318
0.636667 0.391578 0.608422
0.638333 0.392474 0.607526
0.640000 0.393369 0.606631
0.641667 0.394263 0.605737
0.643333 0.395157 0.604843
0.645000 0.396050 0.603950
0.646667 0.396942 0.603058
0.648333 0.397833 0.602167
0.650000 0.398724 0.601276
0.651667 0.399614 0.600386
0.653333 0.400503 0.599497
0.655000 0.401392 0.598608
0.656667 0.402279 0.597721
0.658333 0.403166 0.596834
0.660000 0.404053 0.595947
0.661667 0.404938 0.595062
0.663333 0.405823 0.594177
0.665000 0.406707 0.593293
0.666667 0.407591 0.592409
0.668333 0.408473 0.591527
0.670000 0.409355 0.590645
0.671667 0.410236 0.589764
0.673333 0.411117 0.588883
0.675000 0.411996 0.588004
0.676667 0.412875 0.587125
0.678333 0.413753 0.586247
0.680000 0.414631 0.585369
0.681667 0.415507 0.584493
0.683333 0.416383 0.583617
0.685000 0.417259 0.582741
0.686667 0.418133 0.581867
0.688333 0.419007 0.580993
0.690000 0.419880 0.580120
0.691667 0.420752 0.579248
0.693333 0.421624 0.578376
0.695000 0.422495 0.577505
0.696667 0.423365 0.576635
0.698333 0.424234 0.575766
0.700000 0.425103 0.574897
0.701667 0.425970 0.574030
0.703333 0.426837 0.573163
0.705000 0.427704 0.572296
0.706667 0.428569 0.571431
0.708333 0.429434 0.570566
0.710000 0.430298 0.569702
0.711667 0.431162 0.568838
0.713333 0.432024 0.567976
0.715000 0.432886 0.567114
0.716667 0.433747 0.566253
0.718333 0.434608 0.565392
0.720000 0.435468 0.564532
0.721667 0.436326 0.563674
0.723333 0.437185 0.562815
0.725000 0.438042 0.561958
0.726667 0.438899 0.561101
0.728333 0.439755 0.560245
0.730000 0.440610 0.559390
0.731667 0.441464 0.558536
0.733333 0.442318 0.557682
0.735000 0.443171 0.556829
0.736667 0.444023 0.555977
0.738333 0.444874 0.555126
0.740000 0.445725 0.554275
0.741667 0.446575 0.553425
0.743333 0.447424 0.552576
0.745000 0.448273 0.551727
0.746667 0.449120 0.550880
0.748333 0.449967 0.550033
0.750000 0.450814 0.549186
0.751667 0.451659 0.548341
0.753333 0.452504 0.547496
0.755000 0.453348 0.546652
0.756667 0.454191 0.545809
0.758333 0.455033 0.544967
0.760000 0.455875 0.544125
0.761667 0.456716 0.543284
0.763333 0.457556 0.542444
0.765000 0.458395 0.541605
0.766667 0.459234 0.540766
0.768333 0.460072 0.539928
0.770000 0.460909 0.539091
0.771667 0.461745 0.538255
0.773333 0.462581 0.537419
0.775000 0.463416 0.536584
0.776667 0.464250 0.535750
0.778333 0.465083 0.534917
0.780000 0.465916 0.534084
0.781667 0.466748 0.533252
0.783333 0.467579 0.532421
0.785000 0.468409 0.531591
0.786667 0.469239 0.530761
0.788333 0.470068 0.529932
0.790000 0.470896 0.529104
0.791667 0.471723 0.528277
0.793333 0.472550 0.527450
0.795000 0.473375 0.526625
0.796667 0.474200 0.525800
0.798333 0.475025 0.524975
0.800000 0.475848 0.524152
0.801667 0.476671 0.523329
0.803333 0.477493 0.522507
0.805000 0.478314 0.521686
0.806667 0.479135 0.520865
0.808333 0.479954 0.520046
0.810000 0.480773 0.519227
0.811667 0.481591 0.518409
0.813333 0.482409 0.517591
0.815000 0.483225 0.516775
0.816667 0.484041 0.515959
0.818333 0.484857 0.515143
0.820000 0.485671 0.514329
0.821667 0.486484 0.513516
0.823333 0.487297 0.512703
0.825000 0.488109 0.511891
0.826667 0.488921 0.511079
0.828333 0.489731 0.510269
0.830000 0.490541 0.509459
0.831667 0.491350 0.508650
0.833333 0.492158 0.507842
0.835000 0.492966 0.507034
0.836667 0.493772 0.506228
0.838333 0.494578 0.505422
0.840000 0.495384 0.504616
0.841667 0.496188 0.503812
0.843333 0.496992 0.503008
0.845000 0.497795 0.502205
0.846667 0.498597 0.501403
0.848333 0.499398 0.500602
0.850000 0.500199 0.499801
0.851667 0.500998 0.499002
0.853333 0.501797 0.498203
0.855000 0.502596 0.497404
0.856667 0.503393 0.496607
0.858333 0.504190 0.495810
0.860000 0.504986 0.495014
0.861667 0.505781 0.494219
0.863333 0.506576 0.493424
0.865000 0.507369 0.492631
0.866667 0.508162 0.491838
0.868333 0.508954 0.491046
0.870000 0.509746 0.490254
0.871667 0.510536 0.489464
0.873333 0.511326 0.488674
0.875000 0.512115 0.487885
0.876667 0.512903 0.487097
0.878333 0.513691 0.486309
0.880000 0.514477 0.485523
0.881667 0.515263 0.484737
0.883333 0.516048 0.483952
0.885000 0.516833 0.483167
0.886667 0.517616 0.482384
0.888333 0.518399 0.481601
0.890000 0.519181 0.480819
0.891667 0.519963 0.480037
0.893333 0.520743 0.479257
0.895000 0.521523 0.478477
0.896667 0.522302 0.477698
0.898333 0.523080 0.476920
0.900000 0.523858 0.476142
0.901667 0.524634 0.475366
0.903333 0.525410 0.474590
0.905000 0.526185 0.473815
0.906667 0.526960 0.473040
0.908333 0.527733 0.472267
0.910000 0.528506 0.471494
0.911667 0.529278 0.470722
0.913333 0.530049 0.469951
0.915000 0.530820 0.469180
0.916667 0.531589 0.468411
0.918333 0.532358 0.467642
0.920000 0.533126 0.466874
0.921667 0.533893 0.466107
0.923333 0.534660 0.465340
0.925000 0.535426 0.464574
0.926667 0.536191 0.463809
0.928333 0.536955 0.463045
0.930000 0.537718 0.462282
0.931667 0.538481 0.461519
0.933333 0.539243 0.460757
0.935000 0.540004 0.459996
0.936667 0.540764 0.459236
0.938333 0.541524 0.458476
0.940000 0.542283 0.457717
0.941667 0.543041 0.456959
0.943333 0.543798 0.456202
0.945000 0.544554 0.455446
0.946667 0.545310 0.454690
0.948333 0.546065 0.453935
0.950000 0.546819 0.453181
0.951667 0.547572 0.452428
0.953333 0.548325 0.451675
0.955000 0.549077 0.450923
0.956667 0.549828 0.450172
0.958333 0.550578 0.449422
0.960000 0.551327 0.448673
0.961667 0.552076 0.447924
0.963333 0.552824 0.447176
0.965000 0.553571 0.446429
0.966667 0.554317 0.445683
0.968333 0.555062 0.444938
0.970000 0.555807 0.444193
0.971667 0.556551 0.443449
0.973333 0.557294 0.442706
0.975000 0.558036 0.441964
0.976667 0.558778 0.441222
0.978333 0.559519 0.440481
0.980000 0.560259 0.439741
0.981667 0.560998 0.439002
0.983333 0.561737 0.438263
0.985000 0.562474 0.437526
0.986667 0.563211 0.436789
0.988333 0.563947 0.436053
0.990000 0.564682 0.435318
0.991667 0.565417 0.434583
0.993333 0.566151 0.433849
0.995000 0.566884 0.433116
0.996667 0.567616 0.432384
0.998333 0.568347 0.431653
1.000000 0.569078 0.430922
1.001667 0.569808 0.430192
1.003333 0.570537 0.429463
1.005000 0.571265 0.428735
1.006667 0.571992 0.428008
1.008333 0.572719 0.427281
1.010000 0.573445 0.426555
1.011667 0.574170 0.425830
1.013333 0.574894 0.425106
1.015000 0.575618 0.424382
1.016667 0.576340 0.423660
1.018333 0.577062 0.422938
1.020000 0.577784 0.422216
1.021667 0.578504 0.421496
1.023333 0.579224 0.420776
1.025000 0.579942 0.420058
1.026667 0.580660 0.419340
1.028333 0.581378 0.418622
1.030000 0.582094 0.417906
1.031667 0.582810 0.417190
1.033333 0.583525 0.416475
1.035000 0.584239 0.415761
1.036667 0.584952 0.415048
1.038333 0.585664 0.414336
1.040000 0.586376 0.413624
1.041667 0.587087 0.412913
1.043333 0.587797 0.412203
1.045000 0.588506 0.411494
1.046667 0.589215 0.410785
1.048333 0.589923 0.410077
1.050000 0.590630 0.409370
1.051667 0.591336 0.408664
1.053333 0.592041 0.407959
1.055000 0.592746 0.407254
1.056667 0.593450 0.406550
1.058333 0.594153 0.405847
1.060000 0.594855 0.405145
1.061667 0.595557 0.404443
1.063333 0.596257 0.403743
1.065000 0.596957 0.403043
1.066667 0.597656 0.402344
1.068333 0.598355 0.401645
1.070000 0.599052 0.400948
1.071667 0.599749 0.400251
1.073333 0.600445 0.399555
1.075000 0.601140 0.398860
1.076667 0.601834 0.398166
1.078333 0.602528 0.397472
1.080000 0.603221 0.396779
1.081667 0.603913 0.396087
1.083333 0.604604 0.395396
1.085000 0.605294 0.394706
1.086667 0.605984 0.394016
1.088333 0.606673 0.393327
1.090000 0.607361 0.392639
1.091667 0.608048 0.391952
1.093333 0.608734 0.391266
1.095000 0.609420 0.390580
1.096667 0.610105 0.389895
1.098333 0.610789 0.389211
1.100000 0.611472 0.388528
1.101667 0.612155 0.387845
1.103333 0.612837 0.387163
1.105000 0.613517 0.386483
1.106667 0.614198 0.385802
1.108333 0.614877 0.385123
1.110000 0.615556 0.384444
1.111667 0.616233 0.383767
1.113333 0.616910 0.383090
1.115000 0.617586 0.382414
1.116667 0.618262 0.381738
1.118333 0.618936 0.381064
1.120000 0.619610 0.380390
1.121667 0.620283 0.379717
1.123333 0.620956 0.379044
1.125000 0.621627 0.378373
1.126667 0.622298 0.377702
1.128333 0.622967 0.377033
1.130000 0.623637 0.376363
1.131667 0.624305 0.375695
1.133333 0.624972 0.375028
1.135000 0.625639 0.374361
1.136667 0.626305 0.373695
1.138333 0.626970 0.373030
1.140000 0.627634 0.372366
1.141667 0.628298 0.371702
1.143333 0.628961 0.371039
1.145000 0.629623 0.370377
1.146667 0.630284 0.369716
1.148333 0.630944 0.369056
1.150000 0.631604 0.368396
1.151667 0.632263 0.367737
1.153333 0.632921 0.367079
1.155000 0.633578 0.366422
1.156667 0.634234 0.365766
1.158333 0.634890 0.365110
1.160000 0.635545 0.364455
1.161667 0.636199 0.363801
1.163333 0.636852 0.363148
1.165000 0.637504 0.362496
1.166667 0.638156 0.361844
1.168333 0.638807 0.361193
1.170000 0.639457 0.360543
1.171667 0.640106 0.359894
1.173333 0.640755 0.359245
1.175000 0.641403 0.358597
1.176667 0.642050 0.357950
1.178333 0.642696 0.357304
1.180000 0.643341 0.356659
1.181667 0.643986 0.356014
1.183333 0.644629 0.355371
1.185000 0.645272 0.354728
1.186667 0.645915 0.354085
1.188333 0.646556 0.353444
1.190000 0.647197 0.352803
1.191667 0.647836 0.352164
1.193333 0.648476 0.351524
1.195000 0.649114 0.350886
1.196667 0.649751 0.350249
1.198333 0.650388 0.349612
1.200000 0.651024 0.348976
1.201667 0.651659 0.348341
1.203333 0.652293 0.347707
1.205000 0.652927 0.347073
1.206667 0.653559 0.346441
1.208333 0.654191 0.345809
1.210000 0.654823 0.345177
1.211667 0.655453 0.344547
1.213333 0.656082 0.343918
1.215000 0.656711 0.343289
1.216667 0.657339 0.342661
1.218333 0.657966 0.342034
1.220000 0.658593 0.341407
1.221667 0.659218 0.340782
1.223333 0.659843 0.340157
1.225000 0.660467 0.339533
1.226667 0.661091 0.338909
1.228333 0.661713 0.338287
1.230000 0.662335 0.337665
1.231667 0.662956 0.337044
1.233333 0.663576 0.336424
1.235000 0.664195 0.335805
1.236667 0.664814 0.335186
1.238333 0.665431 0.334569
1.240000 0.666048 0.333952
1.241667 0.666665 0.333335
1.243333 0.667280 0.332720
1.245000 0.667895 0.332105
1.246667 0.668508 0.331492
1.248333 0.669121 0.330879
1.250000 0.669734 0.330266
1.251667 0.670345 0.329655
1.253333 0.670956 0.329044
1.255000 0.671566 0.328434
1.256667 0.672175 0.327825
1.258333 0.672783 0.327217
1.260000 0.673391 0.326609
1.261667 0.673997 0.326003
1.263333 0.674603 0.325397
1.265000 0.675208 0.324792
1.266667 0.675813 0.324187
1.268333 0.676416 0.323584
1.270000 0.677019 0.322981
1.271667 0.677621 0.322379
1.273333 0.678222 0.321778
1.275000 0.678823 0.321177
1.276667 0.679423 0.320577
1.278333 0.680021 0.319979
1.280000 0.680620 0.319380
1.281667 0.681217 0.318783
1.283333 0.681813 0.318187
1.285000 0.682409 0.317591
1.286667 0.683004 0.316996
1.288333 0.683598 0.316402
1.290000 0.684192 0.315808
1.291667 0.684784 0.315216
1.293333 0.685376 0.314624
1.295000 0.685967 0.314033
1.296667 0.686557 0.313443
1.298333 0.687147 0.312853
1.300000 0.687736 0.312264
1.301667 0.688324 0.311676
1.303333 0.688911 0.311089
1.305000 0.689497 0.310503
1.306667 0.690083 0.309917
1.308333 0.690667 0.309333
1.310000 0.691251 0.308749
1.311667 0.691835 0.308165
1.313333 0.692417 0.307583
1.315000 0.692999 0.307001
1.316667 0.693580 0.306420
1.318333 0.694160 0.305840
1.320000 0.694739 0.305261
1.321667 0.695318 0.304682
1.323333 0.695896 0.304104
1.325000 0.696472 0.303528
1.326667 0.697049 0.302951
1.328333 0.697624 0.302376
1.330000 0.698199 0.301801
1.331667 0.698773 0.301227
1.333333 0.699346 0.300654
1.335000 0.699918 0.300082
1.336667 0.700490 0.299510
1.338333 0.701060 0.298940
1.340000 0.701630 0.298370
1.341667 0.702200 0.297800
1.343333 0.702768 0.297232
1.345000 0.703336 0.296664
1.346667 0.703903 0.296097
1.348333 0.704469 0.295531
1.350000 0.705034 0.294966
1.351667 0.705599 0.294401
1.353333 0.706162 0.293838
1.355000 0.706725 0.293275
1.356667 0.707287 0.292713
1.358333 0.707849 0.292151
1.360000 0.708410 0.291590
1.361667 0.708969 0.291031
1.363333 0.709529 0.290471
1.365000 0.710087 0.289913
1.366667 0.710645 0.289355
1.368333 0.711201 0.288799
1.370000 0.711757 0.288243
1.371667 0.712313 0.287687
1.373333 0.712867 0.287133
1.375000 0.713421 0.286579
1.376667 0.713974 0.286026
1.378333 0.714526 0.285474
1.380000 0.715077 0.284923
1.381667 0.715628 0.284372
1.383333 0.716178 0.283822
1.385000 0.716727 0.283273
1.386667 0.717275 0.282725
1.388333 0.717823 0.282177
1.390000 0.718369 0.281631
1.391667 0.718915 0.281085
1.393333 0.719461 0.280539
1.395000 0.720005 0.279995
1.396667 0.720549 0.279451
1.398333 0.721092 0.278908
1.400000 0.721634 0.278366
1.401667 0.722175 0.277825
1.403333 0.722716 0.277284
1.405000 0.723256 0.276744
1.406667 0.723795 0.276205
1.408333 0.724333 0.275667
1.410000 0.724871 0.275129
1.411667 0.725407 0.274593
1.413333 0.725943 0.274057
1.415000 0.726479 0.273521
1.416667 0.727013 0.272987
1.418333 0.727547 0.272453
1.420000 0.728080 0.271920
1.421667 0.728612 0.271388
1.423333 0.729143 0.270857
1.425000 0.729674 0.270326
1.426667 0.730204 0.269796
1.428333 0.730733 0.269267
1.430000 0.731261 0.268739
1.431667 0.731789 0.268211
1.433333 0.732316 0.267684
1.435000 0.732842 0.267158
1.436667 0.733367 0.266633
1.438333 0.733892 0.266108
1.440000 0.734415 0.265585
1.441667 0.734938 0.265062
1.443333 0.735461 0.264539
1.445000 0.735982 0.264018
1.446667 0.736503 0.263497
1.448333 0.737023 0.262977
1.450000 0.737542 0.262458
1.451667 0.738061 0.261939
1.453333 0.738578 0.261422
1.455000 0.739095 0.260905
1.456667 0.739611 0.260389
1.458333 0.740127 0.259873
1.460000 0.740641 0.259359
1.461667 0.741155 0.258845
1.463333 0.741668 0.258332
1.465000 0.742181 0.257819
1.466667 0.742693 0.257307
1.468333 0.743203 0.256797
1.470000 0.743714 0.256286
1.471667 0.744223 0.255777
1.473333 0.744732 0.255268
1.475000 0.745239 0.254761
1.476667 0.745746 0.254254
1.478333 0.746253 0.253747
1.480000 0.746758 0.253242
1.481667 0.747263 0.252737
1.483333 0.747767 0.252233
1.485000 0.748271 0.251729
1.486667 0.748773 0.251227
1.488333 0.749275 0.250725
1.490000 0.749776 0.250224
1.491667 0.750277 0.249723
1.493333 0.750776 0.249224
1.495000 0.751275 0.248725
1.496667 0.751773 0.248227
1.498333 0.752270 0.247730
1.500000 0.752767 0.247233
1.501667 0.753263 0.246737
1.503333 0.753758 0.246242
1.505000 0.754252 0.245748
1.506667 0.754746 0.245254
1.508333 0.755239 0.244761
1.510000 0.755731 0.244269
1.511667 0.756222 0.243778
1.513333 0.756713 0.243287
1.515000 0.757203 0.242797
1.516667 0.757692 0.242308
1.518333 0.758180 0.241820
1.520000 0.758668 0.241332
1.521667 0.759155 0.240845
1.523333 0.759641 0.240359
1.525000 0.760126 0.239874
1.526667 0.760611 0.239389
1.528333 0.761095 0.238905
1.530000 0.761578 0.238422
1.531667 0.762060 0.237940
1.533333 0.762542 0.237458
1.535000 0.763023 0.236977
1.536667 0.763503 0.236497
1.538333 0.763983 0.236017
1.540000 0.764461 0.235539
1.541667 0.764939 0.235061
1.543333 0.765417 0.234583
1.545000 0.765893 0.234107
1.546667 0.766369 0.233631
1.548333 0.766844 0.233156
1.550000 0.767318 0.232682
1.551667 0.767792 0.232208
1.553333 0.768265 0.231735
1.555000 0.768737 0.231263
1.556667 0.769208 0.230792
1.558333 0.769679 0.230321
1.560000 0.770149 0.229851
1.561667 0.770618 0.229382
1.563333 0.771086 0.228914
1.565000 0.771554 0.228446
1.566667 0.772021 0.227979
1.568333 0.772487 0.227513
1.570000 0.772953 0.227047
1.571667 0.773417 0.226583
1.573333 0.773881 0.226119
1.575000 0.774345 0.225655
1.576667 0.774807 0.225193
1.578333 0.775269 0.224731
1.580000 0.775730 0.224270
1.581667 0.776191 0.223809
1.583333 0.776650 0.223350
1.585000 0.777109 0.222891
1.586667 0.777567 0.222433
1.588333 0.778025 0.221975
1.590000 0.778482 0.221518
1.591667 0.778938 0.221062
1.593333 0.779393 0.220607
1.595000 0.779847 0.220153
1.596667 0.780301 0.219699
1.598333 0.780754 0.219246
1.600000 0.781207 0.218793
1.601667 0.781659 0.218341
1.603333 0.782110 0.217890
1.605000 0.782560 0.217440
1.606667 0.783009 0.216991
1.608333 0.783458 0.216542
1.610000 0.783906 0.216094
1.611667 0.784353 0.215647
1.613333 0.784800 0.215200
1.615000 0.785246 0.214754
1.616667 0.785691 0.214309
1.618333 0.786136 0.213864
1.620000 0.786579 0.213421
1.621667 0.787023 0.212977
1.623333 0.787465 0.212535
1.625000 0.787906 0.212094
1.626667 0.788347 0.211653
1.628333 0.788788 0.211212
1.630000 0.789227 0.210773
1.631667 0.789666 0.210334
1.633333 0.790104 0.209896
1.635000 0.790541 0.209459
1.636667 0.790978 0.209022
1.638333 0.791414 0.208586
1.640000 0.791849 0.208151
1.641667 0.792283 0.207717
1.643333 0.792717 0.207283
1.645000 0.793150 0.206850
1.646667 0.793583 0.206417
1.648333 0.794014 0.205986
1.650000 0.794445 0.205555
1.651667 0.794875 0.205125
1.653333 0.795305 0.204695
1.655000 0.795734 0.204266
1.656667 0.796162 0.203838
1.658333 0.796589 0.203411
1.660000 0.797016 0.202984
1.661667 0.797442 0.202558
1.663333 0.797867 0.202133
1.665000 0.798292 0.201708
1.666667 0.798716 0.201284
1.668333 0.799139 0.200861
1.670000 0.799561 0.200439
1.671667 0.799983 0.200017
1.673333 0.800404 0.199596
1.675000 0.800825 0.199175
1.676667 0.801244 0.198756
1.678333 0.801663 0.198337
1.680000 0.802082 0.197918
1.681667 0.802499 0.197501
1.683333 0.802916 0.197084
1.685000 0.803332 0.196668
1.686667 0.803748 0.196252
1.688333 0.804163 0.195837
1.690000 0.804577 0.195423
1.691667 0.804990 0.195010
1.693333 0.805403 0.194597
1.695000 0.805815 0.194185
1.696667 0.806226 0.193774
1.698333 0.806637 0.193363
1.700000 0.807047 0.192953
1.701667 0.807456 0.192544
1.703333 0.807865 0.192135
1.705000 0.808272 0.191728
1.706667 0.808680 0.191320
1.708333 0.809086 0.190914
1.710000 0.809492 0.190508
1.711667 0.809897 0.190103
1.713333 0.810301 0.189699
1.715000 0.810705 0.189295
1.716667 0.811108 0.188892
1.718333 0.811511 0.188489
1.720000 0.811912 0.188088
1.721667 0.812313 0.187687
1.723333 0.812714 0.187286
1.725000 0.813113 0.186887
1.726667 0.813512 0.186488
1.728333 0.813910 0.186090
1.730000 0.814308 0.185692
1.731667 0.814705 0.185295
1.733333 0.815101 0.184899
1.735000 0.815497 0.184503
1.736667 0.815892 0.184108
1.738333 0.816286 0.183714
1.740000 0.816679 0.183321
1.741667 0.817072 0.182928
1.743333 0.817464 0.182536
1.745000 0.817856 0.182144
1.746667 0.818247 0.181753
1.748333 0.818637 0.181363
1.750000 0.819026 0.180974
1.751667 0.819415 0.180585
1.753333 0.819803 0.180197
1.755000 0.820190 0.179810
1.756667 0.820577 0.179423
1.758333 0.820963 0.179037
1.760000 0.821349 0.178651
1.761667 0.821734 0.178266
1.763333 0.822118 0.177882
1.765000 0.822501 0.177499
1.766667 0.822884 0.177116
1.768333 0.823266 0.176734
1.770000 0.823647 0.176353
1.771667 0.824028 0.175972
1.773333 0.824408 0.175592
1.775000 0.824788 0.175212
1.776667 0.825166 0.174834
1.778333 0.825544 0.174456
1.780000 0.825922 0.174078
1.781667 0.826299 0.173701
1.783333 0.826675 0.173325
1.785000 0.827050 0.172950
1.786667 0.827425 0.172575
1.788333 0.827799 0.172201
1.790000 0.828172 0.171828
1.791667 0.828545 0.171455
1.793333 0.828917 0.171083
1.795000 0.829289 0.170711
1.796667 0.829660 0.170340
1.798333 0.830030 0.169970
1.800000 0.830399 0.169601
1.801667 0.830768 0.169232
1.803333 0.831136 0.168864
1.805000 0.831504 0.168496
1.806667 0.831871 0.168129
1.808333 0.832237 0.167763
1.810000 0.832603 0.167397
1.811667 0.832968 0.167032
1.813333 0.833332 0.166668
1.815000 0.833696 0.166304
1.816667 0.834059 0.165941
1.818333 0.834421 0.165579
1.820000 0.834783 0.165217
1.821667 0.835144 0.164856
1.823333 0.835504 0.164496
1.825000 0.835864 0.164136
1.826667 0.836223 0.163777
1.828333 0.836581 0.163419
1.830000 0.836939 0.163061
1.831667 0.837296 0.162704
1.833333 0.837653 0.162347
1.835000 0.838009 0.161991
1.836667 0.838364 0.161636
1.838333 0.838719 0.161281
1.840000 0.839073 0.160927
1.841667 0.839426 0.160574
1.843333 0.839779 0.160221
1.845000 0.840131 0.159869
1.846667 0.840482 0.159518
1.848333 0.840833 0.159167
1.850000 0.841183 0.158817
1.851667 0.841532 0.158468
1.853333 0.841881 0.158119
1.855000 0.842230 0.157770
1.856667 0.842577 0.157423
1.858333 0.842924 0.157076
1.860000 0.843270 0.156730
1.861667 0.843616 0.156384
1.863333 0.843961 0.156039
1.865000 0.844306 0.155694
1.866667 0.844649 0.155351
1.868333 0.844993 0.155007
1.870000 0.845335 0.154665
1.871667 0.845677 0.154323
1.873333 0.846018 0.153982
1.875000 0.846359 0.153641
1.876667 0.846699 0.153301
1.878333 0.847039 0.152961
1.880000 0.847377 0.152623
1.881667 0.847716 0.152284
1.883333 0.848053 0.151947
1.885000 0.848390 0.151610
1.886667 0.848726 0.151274
1.888333 0.849062 0.150938
1.890000 0.849397 0.150603
1.891667 0.849732 0.150268
1.893333 0.850065 0.149935
1.895000 0.850399 0.149601
1.896667 0.850731 0.149269
1.898333 0.851063 0.148937
1.900000 0.851395 0.148605
1.901667 0.851725 0.148275
1.903333 0.852055 0.147945
1.905000 0.852385 0.147615
1.906667 0.852714 0.147286
1.908333 0.853042 0.146958
1.910000 0.853370 0.146630
1.911667 0.853697 0.146303
1.913333 0.854023 0.145977
1.915000 0.854349 0.145651
1.916667 0.854674 0.145326
1.918333 0.854999 0.145001
1.920000 0.855323 0.144677
1.921667 0.855647 0.144353
1.923333 0.855969 0.144031
1.925000 0.856292 0.143708
1.926667 0.856613 0.143387
1.928333 0.856934 0.143066
1.930000 0.857255 0.142745
1.931667 0.857574 0.142426
1.933333 0.857894 0.142106
1.935000 0.858212 0.141788
1.936667 0.858530 0.141470
1.938333 0.858847 0.141153
1.940000 0.859164 0.140836
1.941667 0.859480 0.140520
1.943333 0.859796 0.140204
1.945000 0.860111 0.139889
1.946667 0.860425 0.139575
1.948333 0.860739 0.139261
1.950000 0.861052 0.138948
1.951667 0.861365 0.138635
1.953333 0.861677 0.138323
1.955000 0.861988 0.138012
1.956667 0.862299 0.137701
1.958333 0.862610 0.137390
1.960000 0.862919 0.137081
1.961667 0.863228 0.136772
1.963333 0.863537 0.136463
1.965000 0.863845 0.136155
1.966667 0.864152 0.135848
1.968333 0.864459 0.135541
1.970000 0.864765 0.135235
1.971667 0.865070 0.134930
1.973333 0.865375 0.134625
1.975000 0.865680 0.134320
1.976667 0.865983 0.134017
1.978333 0.866287 0.133713
1.980000 0.866589 0.133411
1.981667 0.866891 0.133109
1.983333 0.867193 0.132807
1.985000 0.867494 0.132506
1.986667 0.867794 0.132206
1.988333 0.868094 0.131906
1.990000 0.868393 0.131607
1.991667 0.868691 0.131309
1.993333 0.868989 0.131011
1.995000 0.869287 0.130713
1.996667 0.869584 0.130416
1.998333 0.869880 0.130120
2.000000 0.870175 0.129825
2.001667 0.870471 0.129529
2.003333 0.870765 0.129235
2.005000 0.871059 0.128941
2.006667 0.871352 0.128648
2.008333 0.871645 0.128355
2.010000 0.871938 0.128062
2.011667 0.872229 0.127771
2.013333 0.872520 0.127480
2.015000 0.872811 0.127189
2.016667 0.873101 0.126899
2.018333 0.873390 0.126610
2.020000 0.873679 0.126321
2.021667 0.873968 0.126032
2.023333 0.874255 0.125745
2.025000 0.874542 0.125458
2.026667 0.874829 0.125171
2.028333 0.875115 0.124885
2.030000 0.875401 0.124599
2.031667 0.875686 0.124314
2.033333 0.875970 0.124030
2.035000 0.876254 0.123746
2.036667 0.876537 0.123463
2.038333 0.876820 0.123180
2.040000 0.877102 0.122898
2.041667 0.877383 0.122617
2.043333 0.877664 0.122336
2.045000 0.877945 0.122055
2.046667 0.878225 0.121775
2.048333 0.878504 0.121496
2.050000 0.878783 0.121217
2.051667 0.879061 0.120939
2.053333 0.879339 0.120661
2.055000 0.879616 0.120384
2.056667 0.879893 0.120107
2.058333 0.880169 0.119831
2.060000 0.880444 0.119556
2.061667 0.880719 0.119281
2.063333 0.880994 0.119006
2.065000 0.881268 0.118732
2.066667 0.881541 0.118459
2.068333 0.881814 0.118186
2.070000 0.882086 0.117914
2.071667 0.882358 0.117642
2.073333 0.882629 0.117371
2.075000 0.882900 0.117100
2.076667 0.883170 0.116830
2.078333 0.883439 0.116561
2.080000 0.883708 0.116292
2.081667 0.883977 0.116023
2.083333 0.884245 0.115755
2.085000 0.884512 0.115488
2.086667 0.884779 0.115221
2.088333 0.885045 0.114955
2.090000 0.885311 0.114689
2.091667 0.885576 0.114424
2.093333 0.885841 0.114159
2.095000 0.886105 0.113895
2.096667 0.886369 0.113631
2.098333 0.886632 0.113368
2.100000 0.886895 0.113105
2.101667 0.887157 0.112843
2.103333 0.887418 0.112582
2.105000 0.887680 0.112320
2.106667 0.887940 0.112060
2.108333 0.888200 0.111800
2.110000 0.888459 0.111541
2.111667 0.888718 0.111282
2.113333 0.888977 0.111023
2.115000 0.889235 0.110765
2.116667 0.889492 0.110508
2.118333 0.889749 0.110251
2.120000 0.890005 0.109995
2.121667 0.890261 0.109739
2.123333 0.890516 0.109484
2.125000 0.890771 0.109229
2.126667 0.891025 0.108975
2.128333 0.891279 0.108721
2.130000 0.891532 0.108468
2.131667 0.891785 0.108215
2.133333 0.892037 0.107963
2.135000 0.892289 0.107711
2.136667 0.892540 0.107460
2.138333 0.892791 0.107209
2.140000 0.893041 0.106959
2.141667 0.893290 0.106710
2.143333 0.893540 0.106460
2.145000 0.893788 0.106212
2.146667 0.894036 0.105964
2.148333 0.894284 0.105716
2.150000 0.894531 0.105469
2.151667 0.894777 0.105223
2.153333 0.895024 0.104976
2.155000 0.895269 0.104731
2.156667 0.895514 0.104486
2.158333 0.895759 0.104241
2.160000 0.896003 0.103997
2.161667 0.896246 0.103754
2.163333 0.896489 0.103511
2.165000 0.896732 0.103268
2.166667 0.896974 0.103026
2.168333 0.897216 0.102784
2.170000 0.897457 0.102543
2.171667 0.897697 0.102303
2.173333 0.897937 0.102063
2.175000 0.898177 0.101823
2.176667 0.898416 0.101584
2.178333 0.898654 0.101346
2.180000 0.898893 0.101107
2.181667 0.899130 0.100870
2.183333 0.899367 0.100633
2.185000 0.899604 0.100396
2.186667 0.899840 0.100160
2.188333 0.900076 0.099924
2.190000 0.900311 0.099689
2.191667 0.900545 0.099455
2.193333 0.900779 0.099221
2.195000 0.901013 0.098987
2.196667 0.901246 0.098754
2.198333 0.901479 0.098521
2.200000 0.901711 0.098289
2.201667 0.901943 0.098057
2.203333 0.902174 0.097826
2.205000 0.902405 0.097595
2.206667 0.902635 0.097365
2.208333 0.902865 0.097135
2.210000 0.903094 0.096906
2.211667 0.903323 0.096677
2.213333 0.903552 0.096448
2.215000 0.903780 0.096220
2.216667 0.904007 0.095993
2.218333 0.904234 0.095766
2.220000 0.904460 0.095540
2.221667 0.904686 0.095314
2.223333 0.904912 0.095088
2.225000 0.905137 0.094863
2.226667 0.905361 0.094639
2.228333 0.905586 0.094414
2.230000 0.905809 0.094191
2.231667 0.906032 0.093968
2.233333 0.906255 0.093745
2.235000 0.906477 0.093523
2.236667 0.906699 0.093301
2.238333 0.906920 0.093080
2.240000 0.907141 0.092859
2.241667 0.907361 0.092639
2.243333 0.907581 0.092419
2.245000 0.907801 0.092199
2.246667 0.908020 0.091980
2.248333 0.908238 0.091762
2.250000 0.908456 0.091544
2.251667 0.908674 0.091326
2.253333 0.908891 0.091109
2.255000 0.909107 0.090893
2.256667 0.909324 0.090676
2.258333 0.909539 0.090461
2.260000 0.909755 0.090245
2.261667 0.909969 0.090031
2.263333 0.910184 0.089816
2.265000 0.910398 0.089602
2.266667 0.910611 0.089389
2.268333 0.910824 0.089176
2.270000 0.911037 0.088963
2.271667 0.911249 0.088751
2.273333 0.911460 0.088540
2.275000 0.911672 0.088328
2.276667 0.911882 0.088118
2.278333 0.912093 0.087907
2.280000 0.912302 0.087698
2.281667 0.912512 0.087488
2.283333 0.912721 0.087279
2.285000 0.912929 0.087071
2.286667 0.913137 0.086863
2.288333 0.913345 0.086655
2.290000 0.913552 0.086448
2.291667 0.913759 0.086241
2.293333 0.913965 0.086035
2.295000 0.914171 0.085829
2.296667 0.914376 0.085624
2.298333 0.914581 0.085419
2.300000 0.914785 0.085215
2.301667 0.914990 0.085010
2.303333 0.915193 0.084807
2.305000 0.915396 0.084604
2.306667 0.915599 0.084401
2.308333 0.915801 0.084199
2.310000 0.916003 0.083997
2.311667 0.916205 0.083795
2.313333 0.916406 0.083594
2.315000 0.916606 0.083394
2.316667 0.916806 0.083194
2.318333 0.917006 0.082994
2.320000 0.917205 0.082795
2.321667 0.917404 0.082596
2.323333 0.917603 0.082397
2.325000 0.917801 0.082199
2.326667 0.917998 0.082002
2.328333 0.918195 0.081805
2.330000 0.918392 0.081608
2.331667 0.918588 0.081412
2.333333 0.918784 0.081216
2.335000 0.918979 0.081021
2.336667 0.919174 0.080826
2.338333 0.919369 0.080631
2.340000 0.919563 0.080437
2.341667 0.919757 0.080243
2.343333 0.919950 0.080050
2.345000 0.920143 0.079857
2.346667 0.920335 0.079665
2.348333 0.920528 0.079472
2.350000 0.920719 0.079281
2.351667 0.920910 0.079090
2.353333 0.921101 0.078899
2.355000 0.921292 0.078708
2.356667 0.921481 0.078519
2.358333 0.921671 0.078329
2.360000 0.921860 0.078140
2.361667 0.922049 0.077951
2.363333 0.922237 0.077763
2.365000 0.922425 0.077575
2.366667 0.922612 0.077388
2.368333 0.922800 0.077200
2.370000 0.922986 0.077014
2.371667 0.923172 0.076828
2.373333 0.923358 0.076642
2.375000 0.923544 0.076456
2.376667 0.923729 0.076271
2.378333 0.923913 0.076087
2.380000 0.924098 0.075902
2.381667 0.924281 0.075719
2.383333 0.924465 0.075535
2.385000 0.924648 0.075352
2.386667 0.924830 0.075170
2.388333 0.925013 0.074987
2.390000 0.925194 0.074806
2.391667 0.925376 0.074624
2.393333 0.925557 0.074443
2.395000 0.925737 0.074263
2.396667 0.925918 0.074082
2.398333 0.926097 0.073903
2.400000 0.926277 0.073723
2.401667 0.926456 0.073544
2.403333 0.926634 0.073366
2.405000 0.926813 0.073187
2.406667 0.926990 0.073010
2.408333 0.927168 0.072832
2.410000 0.927345 0.072655
2.411667 0.927521 0.072479
2.413333 0.927698 0.072302
2.415000 0.927874 0.072126
2.416667 0.928049 0.071951
2.418333 0.928224 0.071776
2.420000 0.928399 0.071601
2.421667 0.928573 0.071427
2.423333 0.928747 0.071253
2.425000 0.928920 0.071080
2.426667 0.929094 0.070906
2.428333 0.929266 0.070734
2.430000 0.929439 0.070561
2.431667 0.929611 0.070389
2.433333 0.929782 0.070218
2.435000 0.929954 0.070046
2.436667 0.930124 0.069876
2.438333 0.930295 0.069705
2.440000 0.930465 0.069535
2.441667 0.930635 0.069365
2.443333 0.930804 0.069196
2.445000 0.930973 0.069027
2.446667 0.931141 0.068859
2.448333 0.931310 0.068690
2.450000 0.931477 0.068523
2.451667 0.931645 0.068355
2.453333 0.931812 0.068188
2.455000 0.931979 0.068021
2.456667 0.932145 0.067855
2.458333 0.932311 0.067689
2.460000 0.932476 0.067524
2.461667 0.932642 0.067358
2.463333 0.932806 0.067194
2.465000 0.932971 0.067029
2.466667 0.933135 0.066865
2.468333 0.933299 0.066701
2.470000 0.933462 0.066538
2.471667 0.933625 0.066375
2.473333 0.933788 0.066212
2.475000 0.933950 0.066050
2.476667 0.934112 0.065888
2.478333 0.934273 0.065727
2.480000 0.934434 0.065566
2.481667 0.934595 0.065405
2.483333 0.934756 0.065244
2.485000 0.934916 0.065084
2.486667 0.935075 0.064925
2.488333 0.935235 0.064765
2.490000 0.935394 0.064606
2.491667 0.935552 0.064448
2.493333 0.935710 0.064290
2.495000 0.935868 0.064132
2.496667 0.936026 0.063974
2.498333 0.936183 0.063817
2.500000 0.936340 0.063660
2.501667 0.936496 0.063504
2.503333 0.936653 0.063347
2.505000 0.936808 0.063192
2.506667 0.936964 0.063036
2.508333 0.937119 0.062881
2.510000 0.937274 0.062726
2.511667 0.937428 0.062572
2.513333 0.937582 0.062418
2.515000 0.937736 0.062264
2.516667 0.937889 0.062111
2.518333 0.938042 0.061958
2.520000 0.938194 0.061806
2.521667 0.938347 0.061653
2.523333 0.938499 0.061501
2.525000 0.938650 0.061350
2.526667 0.938801 0.061199
2.528333 0.938952 0.061048
2.530000 0.939103 0.060897
2.531667 0.939253 0.060747
2.533333 0.939403 0.060597
2.535000 0.939552 0.060448
2.536667 0.939702 0.060298
2.538333 0.939850 0.060150
2.540000 0.939999 0.060001
2.541667 0.940147 0.059853
2.543333 0.940295 0.059705
2.545000 0.940442 0.059558
2.546667 0.940589 0.059411
2.548333 0.940736 0.059264
2.550000 0.940883 0.059117
2.551667 0.941029 0.058971
2.553333 0.941175 0.058825
2.555000 0.941320 0.058680
2.556667 0.941465 0.058535
2.558333 0.941610 0.058390
2.560000 0.941754 0.058246
2.561667 0.941899 0.058101
2.563333 0.942042 0.057958
2.565000 0.942186 0.057814
2.566667 0.942329 0.057671
2.568333 0.942472 0.057528
2.570000 0.942614 0.057386
2.571667 0.942756 0.057244
2.573333 0.942898 0.057102
2.575000 0.943040 0.056960
2.576667 0.943181 0.056819
2.578333 0.943322 0.056678
2.580000 0.943462 0.056538
2.581667 0.943603 0.056397
2.583333 0.943742 0.056258
2.585000 0.943882 0.056118
2.586667 0.944021 0.055979
2.588333 0.944160 0.055840
2.590000 0.944299 0.055701
2.591667 0.944437 0.055563
2.593333 0.944575 0.055425
2.595000 0.944713 0.055287
2.596667 0.944850 0.055150
2.598333 0.944987 0.055013
2.600000 0.945124 0.054876
2.601667 0.945260 0.054740
2.603333 0.945396 0.054604
2.605000 0.945532 0.054468
2.606667 0.945667 0.054333
2.608333 0.945802 0.054198
2.610000 0.945937 0.054063
2.611667 0.946071 0.053929
2.613333 0.946206 0.053794
2.615000 0.946339 0.053661
2.616667 0.946473 0.053527
2.618333 0.946606 0.053394
2.620000 0.946739 0.053261
2.621667 0.946872 0.053128
2.623333 0.947004 0.052996
2.625000 0.947136 0.052864
2.626667 0.947268 0.052732
2.628333 0.947399 0.052601
2.630000 0.947530 0.052470
2.631667 0.947661 0.052339
2.633333 0.947791 0.052209
2.635000 0.947922 0.052078
2.636667 0.948051 0.051949
2.638333 0.948181 0.051819
2.640000 0.948310 0.051690
2.641667 0.948439 0.051561
2.643333 0.948568 0.051432
2.645000 0.948696 0.051304
2.646667 0.948824 0.051176
2.648333 0.948952 0.051048
2.650000 0.949079 0.050921
2.651667 0.949207 0.050793
2.653333 0.949333 0.050667
2.655000 0.949460 0.050540
2.656667 0.949586 0.050414
2.658333 0.949712 0.050288
2.660000 0.949838 0.050162
2.661667 0.949963 0.050037
2.663333 0.950088 0.049912
2.665000 0.950213 0.049787
2.666667 0.950338 0.049662
2.668333 0.950462 0.049538
2.670000 0.950586 0.049414
2.671667 0.950709 0.049291
2.673333 0.950833 0.049167
2.675000 0.950956 0.049044
2.676667 0.951079 0.048921
2.678333 0.951201 0.048799
2.680000 0.951323 0.048677
2.681667 0.951445 0.048555
2.683333 0.951567 0.048433
2.685000 0.951688 0.048312
2.686667 0.951809 0.048191
2.688333 0.951930 0.048070
2.690000 0.952050 0.047950
2.691667 0.952170 0.047830
2.693333 0.952290 0.047710
2.695000 0.952410 0.047590
2.696667 0.952529 0.047471
2.698333 0.952648 0.047352
2.700000 0.952767 0.047233
2.701667 0.952886 0.047114
2.703333 0.953004 0.046996
2.705000 0.953122 0.046878
2.706667 0.953239 0.046761
2.708333 0.953357 0.046643
2.710000 0.953474 0.046526
2.711667 0.953591 0.046409
2.713333 0.953707 0.046293
2.715000 0.953824 0.046176
2.716667 0.953940 0.046060
2.718333 0.954055 0.045945
2.720000 0.954171 0.045829
2.721667 0.954286 0.045714
2.723333 0.954401 0.045599
2.725000 0.954515 0.045485
2.726667 0.954630 0.045370
2.728333 0.954744 0.045256
2.730000 0.954858 0.045142
2.731667 0.954971 0.045029
2.733333 0.955085 0.044915
2.735000 0.955198 0.044802
2.736667 0.955310 0.044690
2.738333 0.955423 0.044577
2.740000 0.955535 0.044465
2.741667 0.955647 0.044353
2.743333 0.955759 0.044241
2.745000 0.955870 0.044130
2.746667 0.955981 0.044019
2.748333 0.956092 0.043908
2.750000 0.956203 0.043797
2.751667 0.956313 0.043687
2.753333 0.956423 0.043577
2.755000 0.956533 0.043467
2.756667 0.956642 0.043358
2.758333 0.956752 0.043248
2.760000 0.956861 0.043139
2.761667 0.956970 0.043030
2.763333 0.957078 0.042922
2.765000 0.957186 0.042814
2.766667 0.957294 0.042706
2.768333 0.957402 0.042598
2.770000 0.957510 0.042490
2.771667 0.957617 0.042383
2.773333 0.957724 0.042276
2.775000 0.957830 0.042170
2.776667 0.957937 0.042063
2.778333 0.958043 0.041957
2.780000 0.958149 0.041851
2.781667 0.958255 0.041745
2.783333 0.958360 0.041640
2.785000 0.958465 0.041535
2.786667 0.958570 0.041430
2.788333 0.958675 0.041325
2.790000 0.958780 0.041220
2.791667 0.958884 0.041116
2.793333 0.958988 0.041012
2.795000 0.959091 0.040909
2.796667 0.959195 0.040805
2.798333 0.959298 0.040702
2.800000 0.959401 0.040599
2.801667 0.959504 0.040496
2.803333 0.959606 0.040394
2.805000 0.959708 0.040292
2.806667 0.959810 0.040190
2.808333 0.959912 0.040088
2.810000 0.960014 0.039986
2.811667 0.960115 0.039885
2.813333 0.960216 0.039784
2.815000 0.960317 0.039683
2.816667 0.960417 0.039583
2.818333 0.960517 0.039483
2.820000 0.960617 0.039383
2.821667 0.960717 0.039283
2.823333 0.960817 0.039183
2.825000 0.960916 0.039084
2.826667 0.961015 0.038985
2.828333 0.961114 0.038886
2.830000 0.961212 0.038788
2.831667 0.961311 0.038689
2.833333 0.961409 0.038591
2.835000 0.961507 0.038493
2.836667 0.961604 0.038396
2.838333 0.961702 0.038298
2.840000 0.961799 0.038201
2.841667 0.961896 0.038104
2.843333 0.961993 0.038007
2.845000 0.962089 0.037911
2.846667 0.962185 0.037815
2.848333 0.962281 0.037719
2.850000 0.962377 0.037623
2.851667 0.962473 0.037527
2.853333 0.962568 0.037432
2.855000 0.962663 0.037337
2.856667 0.962758 0.037242
2.858333 0.962852 0.037148
2.860000 0.962947 0.037053
2.861667 0.963041 0.036959
2.863333 0.963135 0.036865
2.865000 0.963229 0.036771
2.866667 0.963322 0.036678
2.868333 0.963415 0.036585
2.870000 0.963508 0.036492
2.871667 0.963601 0.036399
2.873333 0.963694 0.036306
2.875000 0.963786 0.036214
2.876667 0.963878 0.036122
2.878333 0.963970 0.036030
2.880000 0.964062 0.035938
2.881667 0.964153 0.035847
2.883333 0.964244 0.035756
2.885000 0.964335 0.035665
2.886667 0.964426 0.035574
2.888333 0.964517 0.035483
2.890000 0.964607 0.035393
2.891667 0.964697 0.035303
2.893333 0.964787 0.035213
2.895000 0.964877 0.035123
2.896667 0.964966 0.035034
2.898333 0.965056 0.034944
2.900000 0.965145 0.034855
2.901667 0.965233 0.034767
2.903333 0.965322 0.034678
2.905000 0.965410 0.034590
2.906667 0.965499 0.034501
2.908333 0.965587 0.034413
2.910000 0.965674 0.034326
2.911667 0.965762 0.034238
2.913333 0.965849 0.034151
2.915000 0.965936 0.034064
2.916667 0.966023 0.033977
2.918333 0.966110 0.033890
2.920000 0.966196 0.033804
2.921667 0.966283 0.033717
2.923333 0.966369 0.033631
2.925000 0.966454 0.033546
2.926667 0.966540 0.033460
2.928333 0.966625 0.033375
2.930000 0.966711 0.033289
2.931667 0.966796 0.033204
2.933333 0.966880 0.033120
2.935000 0.966965 0.033035
2.936667 0.967049 0.032951
2.938333 0.967134 0.032866
2.940000 0.967218 0.032782
2.941667 0.967301 0.032699
2.943333 0.967385 0.032615
2.945000 0.967468 0.032532
2.946667 0.967551 0.032449
2.948333 0.967634 0.032366
2.950000 0.967717 0.032283
2.951667 0.967800 0.032200
2.953333 0.967882 0.032118
2.955000 0.967964 0.032036
2.956667 0.968046 0.031954
2.958333 0.968128 0.031872
2.960000 0.968209 0.031791
2.961667 0.968291 0.031709
2.963333 0.968372 0.031628
2.965000 0.968453 0.031547
2.966667 0.968533 0.031467
2.968333 0.968614 0.031386
2.970000 0.968694 0.031306
2.971667 0.968774 0.031226
2.973333 0.968854 0.031146
2.975000 0.968934 0.031066
2.976667 0.969014 0.030986
2.978333 0.969093 0.030907
2.980000 0.969172 0.030828
2.981667 0.969251 0.030749
2.983333 0.969330 0.030670
2.985000 0.969408 0.030592
2.986667 0.969487 0.030513
2.988333 0.969565 0.030435
2.990000 0.969643 0.030357
2.991667 0.969721 0.030279
2.993333 0.969798 0.030202
2.995000 0.969876 0.030124
2.996667 0.969953 0.030047
2.998333 0.970030 0.029970
3.000000 0.970107 0.029893
3.001667 0.970184 0.029816
3.003333 0.970260 0.029740
3.005000 0.970336 0.029664
3.006667 0.970412 0.029588
3.008333 0.970488 0.029512
3.010000 0.970564 0.029436
3.011667 0.970640 0.029360
3.013333 0.970715 0.029285
3.015000 0.970790 0.029210
3.016667 0.970865 0.029135
3.018333 0.970940 0.029060
3.020000 0.971014 0.028986
3.021667 0.971089 0.028911
3.023333 0.971163 0.028837
3.025000 0.971237 0.028763
3.026667 0.971311 0.028689
3.028333 0.971385 0.028615
3.030000 0.971458 0.028542
3.031667 0.971532 0.028468
3.033333 0.971605 0.028395
3.035000 0.971678 0.028322
3.036667 0.971750 0.028250
3.038333 0.971823 0.028177
3.040000 0.971895 0.028105
3.041667 0.971968 0.028032
3.043333 0.972040 0.027960
3.045000 0.972112 0.027888
3.046667 0.972183 0.027817
3.048333 0.972255 0.027745
3.050000 0.972326 0.027674
3.051667 0.972397 0.027603
3.053333 0.972468 0.027532
3.055000 0.972539 0.027461
3.056667 0.972610 0.027390
3.058333 0.972680 0.027320
3.060000 0.972751 0.027249
3.061667 0.972821 0.027179
3.063333 0.972891 0.027109
3.065000 0.972960 0.027040
3.066667 0.973030 0.026970
3.068333 0.973099 0.026901
3.070000 0.973169 0.026831
3.071667 0.973238 0.026762
3.073333 0.973307 0.026693
3.075000 0.973375 0.026625
3.076667 0.973444 0.026556
3.078333 0.973512 0.026488
3.080000 0.973581 0.026419
3.081667 0.973649 0.026351
3.083333 0.973716 0.026284
3.085000 0.973784 0.026216
3.086667 0.973852 0.026148
3.088333 0.973919 0.026081
3.090000 0.973986 0.026014
3.091667 0.974053 0.025947
3.093333 0.974120 0.025880
3.095000 0.974187 0.025813
3.096667 0.974254 0.025746
3.098333 0.974320 0.025680
3.100000 0.974386 0.025614
3.101667 0.974452 0.025548
3.103333 0.974518 0.025482
3.105000 0.974584 0.025416
3.106667 0.974649 0.025351
3.108333 0.974715 0.025285
3.110000 0.974780 0.025220
3.111667 0.974845 0.025155
3.113333 0.974910 0.025090
3.115000 0.974975 0.025025
3.116667 0.975039 0.024961
3.118333 0.975104 0.024896
3.120000 0.975168 0.024832
3.121667 0.975232 0.024768
3.123333 0.975296 0.024704
3.125000 0.975360 0.024640
3.126667 0.975423 0.024577
3.128333 0.975487 0.024513
3.130000 0.975550 0.024450
3.131667 0.975613 0.024387
3.133333 0.975676 0.024324
3.135000 0.975739 0.024261
3.136667 0.975802 0.024198
3.138333 0.975864 0.024136
3.140000 0.975927 0.024073
3.141667 0.975989 0.024011
3.143333 0.976051 0.023949
3.145000 0.976113 0.023887
3.146667 0.976174 0.023826
3.148333 0.976236 0.023764
3.150000 0.976297 0.023703
3.151667 0.976359 0.023641
3.153333 0.976420 0.023580
3.155000 0.976481 0.023519
3.156667 0.976542 0.023458
3.158333 0.976602 0.023398
3.160000 0.976663 0.023337
3.161667 0.976723 0.023277
3.163333 0.976783 0.023217
3.165000 0.976843 0.023157
3.166667 0.976903 0.023097
3.168333 0.976963 0.023037
3.170000 0.977023 0.022977
3.171667 0.977082 0.022918
3.173333 0.977141 0.022859
3.175000 0.977201 0.022799
3.176667 0.977260 0.022740
3.178333 0.977318 0.022682
3.180000 0.977377 0.022623
3.181667 0.977436 0.022564
3.183333 0.977494 0.022506
3.185000 0.977552 0.022448
3.186667 0.977610 0.022390
3.188333 0.977668 0.022332
3.190000 0.977726 0.022274
3.191667 0.977784 0.022216
3.193333 0.977841 0.022159
3.195000 0.977899 0.022101
3.196667 0.977956 0.022044
3.198333 0.978013 0.021987
3.200000 0.978070 0.021930
3.201667 0.978127 0.021873
3.203333 0.978184 0.021816
3.205000 0.978240 0.021760
3.206667 0.978297 0.021703
3.208333 0.978353 0.021647
3.210000 0.978409 0.021591
3.211667 0.978465 0.021535
3.213333 0.978521 0.021479
3.215000 0.978576 0.021424
3.216667 0.978632 0.021368
3.218333 0.978687 0.021313
3.220000 0.978743 0.021257
3.221667 0.978798 0.021202
3.223333 0.978853 0.021147
3.225000 0.978908 0.021092
3.226667 0.978962 0.021038
3.228333 0.979017 0.020983
3.230000 0.979071 0.020929
3.231667 0.979126 0.020874
3.233333 0.979180 0.020820
3.235000 0.979234 0.020766
3.236667 0.979288 0.020712
3.238333 0.979341 0.020659
3.240000 0.979395 0.020605
3.241667 0.979449 0.020551
3.243333 0.979502 0.020498
3.245000 0.979555 0.020445
3.246667 0.979608 0.020392
3.248333 0.979661 0.020339
3.250000 0.979714 0.020286
3.251667 0.979767 0.020233
3.253333 0.979819 0.020181
3.255000 0.979872 0.020128
3.256667 0.979924 0.020076
3.258333 0.979976 0.020024
3.260000 0.980028 0.019972
3.261667 0.980080 0.019920
3.263333 0.980132 0.019868
3.265000 0.980183 0.019817
3.266667 0.980235 0.019765
3.268333 0.980286 0.019714
3.270000 0.980337 0.019663
3.271667 0.980388 0.019612
3.273333 0.980439 0.019561
3.275000 0.980490 0.019510
3.276667 0.980541 0.019459
3.278333 0.980591 0.019409
3.280000 0.980642 0.019358
3.281667 0.980692 0.019308
3.283333 0.980742 0.019258
3.285000 0.980792 0.019208
3.286667 0.980842 0.019158
3.288333 0.980892 0.019108
3.290000 0.980942 0.019058
3.291667 0.980991 0.019009
3.293333 0.981041 0.018959
3.295000 0.981090 0.018910
3.296667 0.981139 0.018861
3.298333 0.981188 0.018812
3.300000 0.981237 0.018763
3.301667 0.981286 0.018714
3.303333 0.981335 0.018665
3.305000 0.981383 0.018617
3.306667 0.981432 0.018568
3.308333 0.981480 0.018520
3.310000 0.981528 0.018472
3.311667 0.981576 0.018424
3.313333 0.981624 0.018376
3.315000 0.981672 0.018328
3.316667 0.981720 0.018280
3.318333 0.981768 0.018232
3.320000 0.981815 0.018185
3.321667 0.981862 0.018138
3.323333 0.981910 0.018090
3.325000 0.981957 0.018043
3.326667 0.982004 0.017996
3.328333 0.982051 0.017949
3.330000 0.982097 0.017903
3.331667 0.982144 0.017856
3.333333 0.982190 0.017810
3.335000 0.982237 0.017763
3.336667 0.982283 0.017717
3.338333 0.982329 0.017671
3.340000 0.982375 0.017625
3.341667 0.982421 0.017579
3.343333 0.982467 0.017533
3.345000 0.982513 0.017487
3.346667 0.982558 0.017442
3.348333 0.982604 0.017396
3.350000 0.982649 0.017351
3.351667 0.982694 0.017306
3.353333 0.982739 0.017261
3.355000 0.982784 0.017216
3.356667 0.982829 0.017171
3.358333 0.982874 0.017126
3.360000 0.982919 0.017081
3.361667 0.982963 0.017037
3.363333 0.983008 0.016992
3.365000 0.983052 0.016948
3.366667 0.983096 0.016904
3.368333 0.983140 0.016860
3.370000 0.983184 0.016816
3.371667 0.983228 0.016772
3.373333 0.983272 0.016728
3.375000 0.983315 0.016685
3.376667 0.983359 0.016641
3.378333 0.983402 0.016598
3.380000 0.983446 0.016554
3.381667 0.983489 0.016511
3.383333 0.983532 0.016468
3.385000 0.983575 0.016425
3.386667 0.983618 0.016382
3.388333 0.983661 0.016339
3.390000 0.983703 0.016297
3.391667 0.983746 0.016254
3.393333 0.983788 0.016212
3.395000 0.983830 0.016170
3.396667 0.983873 0.016127
3.398333 0.983915 0.016085
3.400000 0.983957 0.016043
3.401667 0.983999 0.016001
3.403333 0.984040 0.015960
3.405000 0.984082 0.015918
3.406667 0.984124 0.015876
3.408333 0.984165 0.015835
3.410000 0.984206 0.015794
3.411667 0.984248 0.015752
3.413333 0.984289 0.015711
3.415000 0.984330 0.015670
3.416667 0.984371 0.015629
3.418333 0.984412 0.015588
3.420000 0.984452 0.015548
3.421667 0.984493 0.015507
3.423333 0.984534 0.015466
3.425000 0.984574 0.015426
3.426667 0.984614 0.015386
3.428333 0.984654 0.015346
3.430000 0.984695 0.015305
3.431667 0.984735 0.015265
3.433333 0.984774 0.015226
3.435000 0.984814 0.015186
3.436667 0.984854 0.015146
3.438333 0.984893 0.015107
3.440000 0.984933 0.015067
3.441667 0.984972 0.015028
3.443333 0.985012 0.014988
3.445000 0.985051 0.014949
3.446667 0.985090 0.014910
3.448333 0.985129 0.014871
3.450000 0.985168 0.014832
3.451667 0.985207 0.014793
3.453333 0.985245 0.014755
3.455000 0.985284 0.014716
3.456667 0.985322 0.014678
3.458333 0.985361 0.014639
3.460000 0.985399 0.014601
3.461667 0.985437 0.014563
3.463333 0.985475 0.014525
3.465000 0.985513 0.014487
3.466667 0.985551 0.014449
3.468333 0.985589 0.014411
3.470000 0.985627 0.014373
3.471667 0.985664 0.014336
3.473333 0.985702 0.014298
3.475000 0.985739 0.014261
3.476667 0.985777 0.014223
3.478333 0.985814 0.014186
3.480000 0.985851 0.014149
3.481667 0.985888 0.014112
3.483333 0.985925 0.014075
3.485000 0.985962 0.014038
3.486667 0.985998 0.014002
3.488333 0.986035 0.013965
3.490000 0.986072 0.013928
3.491667 0.986108 0.013892
3.493333 0.986145 0.013855
3.495000 0.986181 0.013819
3.496667 0.986217 0.013783
3.498333 0.986253 0.013747
3.500000 0.986289 0.013711
3.501667 0.986325 0.013675
3.503333 0.986361 0.013639
3.505000 0.986397 0.013603
3.506667 0.986432 0.013568
3.508333 0.986468 0.013532
3.510000 0.986503 0.013497
3.511667 0.986538 0.013462
3.513333 0.986574 0.013426
3.515000 0.986609 0.013391
3.516667 0.986644 0.013356
3.518333 0.986679 0.013321
3.520000 0.986714 0.013286
3.521667 0.986749 0.013251
3.523333 0.986783 0.013217
3.525000 0.986818 0.013182
3.526667 0.986853 0.013147
3.528333 0.986887 0.013113
3.530000 0.986921 0.013079
3.531667 0.986956 0.013044
3.533333 0.986990 0.013010
3.535000 0.987024 0.012976
3.536667 0.987058 0.012942
3.538333 0.987092 0.012908
3.540000 0.987126 0.012874
3.541667 0.987160 0.012840
3.543333 0.987193 0.012807
3.545000 0.987227 0.012773
3.546667 0.987260 0.012740
3.548333 0.987294 0.012706
3.550000 0.987327 0.012673
3.551667 0.987360 0.012640
3.553333 0.987393 0.012607
3.555000 0.987426 0.012574
3.556667 0.987459 0.012541
3.558333 0.987492 0.012508
3.560000 0.987525 0.012475
3.561667 0.987558 0.012442
3.563333 0.987590 0.012410
3.565000 0.987623 0.012377
3.566667 0.987656 0.012344
3.568333 0.987688 0.012312
3.570000 0.987720 0.012280
3.571667 0.987752 0.012248
3.573333 0.987785 0.012215
3.575000 0.987817 0.012183
3.576667 0.987849 0.012151
3.578333 0.987880 0.012120
3.580000 0.987912 0.012088
3.581667 0.987944 0.012056
3.583333 0.987976 0.012024
3.585000 0.988007 0.011993
3.586667 0.988039 0.011961
3.588333 0.988070 0.011930
3.590000 0.988101 0.011899
3.591667 0.988133 0.011867
3.593333 0.988164 0.011836
3.595000 0.988195 0.011805
3.596667 0.988226 0.011774
3.598333 0.988257 0.011743
3.600000 0.988288 0.011712
3.601667 0.988318 0.011682
3.603333 0.988349 0.011651
3.605000 0.988380 0.011620
3.606667 0.988410 0.011590
3.608333 0.988441 0.011559
3.610000 0.988471 0.011529
3.611667 0.988501 0.011499
3.613333 0.988531 0.011469
3.615000 0.988562 0.011438
3.616667 0.988592 0.011408
3.618333 0.988622 0.011378
3.620000 0.988651 0.011349
3.621667 0.988681 0.011319
3.623333 0.988711 0.011289
3.625000 0.988741 0.011259
3.626667 0.988770 0.011230
3.628333 0.988800 0.011200
3.630000 0.988829 0.011171
3.631667 0.988858 0.011142
3.633333 0.988888 0.011112
3.635000 0.988917 0.011083
3.636667 0.988946 0.011054
3.638333 0.988975 0.011025
3.640000 0.989004 0.010996
3.641667 0.989033 0.010967
3.643333 0.989062 0.010938
3.645000 0.989091 0.010909
3.646667 0.989119 0.010881
3.648333 0.989148 0.010852
3.650000 0.989176 0.010824
3.651667 0.989205 0.010795
3.653333 0.989233 0.010767
3.655000 0.989262 0.010738
3.656667 0.989290 0.010710
3.658333 0.989318 0.010682
3.660000 0.989346 0.010654
3.661667 0.989374 0.010626
3.663333 0.989402 0.010598
3.665000 0.989430 0.010570
3.666667 0.989458 0.010542
3.668333 0.989485 0.010515
3.670000 0.989513 0.010487
3.671667 0.989541 0.010459
3.673333 0.989568 0.010432
3.675000 0.989595 0.010405
3.676667 0.989623 0.010377
3.678333 0.989650 0.010350
3.680000 0.989677 0.010323
3.681667 0.989705 0.010295
3.683333 0.989732 0.010268
3.685000 0.989759 0.010241
3.686667 0.989786 0.010214
3.688333 0.989812 0.010188
3.690000 0.989839 0.010161
3.691667 0.989866 0.010134
3.693333 0.989893 0.010107
3.695000 0.989919 0.010081
3.696667 0.989946 0.010054
3.698333 0.989972 0.010028
3.700000 0.989999 0.010001
3.701667 0.990025 0.009975
3.703333 0.990051 0.009949
3.705000 0.990077 0.009923
3.706667 0.990103 0.009897
3.708333 0.990130 0.009870
3.710000 0.990156 0.009844
3.711667 0.990181 0.009819
3.713333 0.990207 0.009793
3.715000 0.990233 0.009767
3.716667 0.990259 0.009741
3.718333 0.990284 0.009716
3.720000 0.990310 0.009690
3.721667 0.990335 0.009665
3.723333 0.990361 0.009639
3.725000 0.990386 0.009614
3.726667 0.990412 0.009588
3.728333 0.990437 0.009563
3.730000 0.990462 0.009538
3.731667 0.990487 0.009513
3.733333 0.990512 0.009488
3.735000 0.990537 0.009463
3.736667 0.990562 0.009438
3.738333 0.990587 0.009413
3.740000 0.990612 0.009388
3.741667 0.990636 0.009364
3.743333 0.990661 0.009339
3.745000 0.990686 0.009314
3.746667 0.990710 0.009290
3.748333 0.990735 0.009265
3.750000 0.990759 0.009241
3.751667 0.990783 0.009217
3.753333 0.990808 0.009192
3.755000 0.990832 0.009168
3.756667 0.990856 0.009144
3.758333 0.990880 0.009120
3.760000 0.990904 0.009096
3.761667 0.990928 0.009072
3.763333 0.990952 0.009048
3.765000 0.990976 0.009024
3.766667 0.991000 0.009000
3.768333 0.991023 0.008977
3.770000 0.991047 0.008953
3.771667 0.991071 0.008929
3.773333 0.991094 0.008906
3.775000 0.991118 0.008882
3.776667 0.991141 0.008859
3.778333 0.991164 0.008836
3.780000 0.991188 0.008812
3.781667 0.991211 0.008789
3.783333 0.991234 0.008766
3.785000 0.991257 0.008743
3.786667 0.991280 0.008720
3.788333 0.991303 0.008697
3.790000 0.991326 0.008674
3.791667 0.991349 0.008651
3.793333 0.991372 0.008628
3.795000 0.991395 0.008605
3.796667 0.991417 0.008583
3.798333 0.991440 0.008560
3.800000 0.991463 0.008537
3.801667 0.991485 0.008515
3.803333 0.991507 0.008493
3.805000 0.991530 0.008470
3.806667 0.991552 0.008448
3.808333 0.991574 0.008426
3.810000 0.991597 0.008403
3.811667 0.991619 0.008381
3.813333 0.991641 0.008359
3.815000 0.991663 0.008337
3.816667 0.991685 0.008315
3.818333 0.991707 0.008293
3.820000 0.991729 0.008271
3.821667 0.991751 0.008249
3.823333 0.991772 0.008228
3.825000 0.991794 0.008206
3.826667 0.991816 0.008184
3.828333 0.991837 0.008163
3.830000 0.991859 0.008141
3.831667 0.991880 0.008120
3.833333 0.991902 0.008098
3.835000 0.991923 0.008077
3.836667 0.991944 0.008056
3.838333 0.991966 0.008034
3.840000 0.991987 0.008013
3.841667 0.992008 0.007992
3.843333 0.992029 0.007971
3.845000 0.992050 0.007950
3.846667 0.992071 0.007929
3.848333 0.992092 0.007908
3.850000 0.992113 0.007887
3.851667 0.992134 0.007866
3.853333 0.992154 0.007846
3.855000 0.992175 0.007825
3.856667 0.992196 0.007804
3.858333 0.992216 0.007784
3.860000 0.992237 0.007763
3.861667 0.992257 0.007743
3.863333 0.992278 0.007722
3.865000 0.992298 0.007702
3.866667 0.992319 0.007681
3.868333 0.992339 0.007661
3.870000 0.992359 0.007641
3.871667 0.992379 0.007621
3.873333 0.992399 0.007601
3.875000 0.992419 0.007581
3.876667 0.992439 0.007561
3.878333 0.992459 0.007541
3.880000 0.992479 0.007521
3.881667 0.992499 0.007501
3.883333 0.992519 0.007481
3.885000 0.992539 0.007461
3.886667 0.992558 0.007442
3.888333 0.992578 0.007422
3.890000 0.992598 0.007402
3.891667 0.992617 0.007383
3.893333 0.992637 0.007363
3.895000 0.992656 0.007344
3.896667 0.992676 0.007324
3.898333 0.992695 0.007305
3.900000 0.992714 0.007286
3.901667 0.992733 0.007267
3.903333 0.992753 0.007247
3.905000 0.992772 0.007228
3.906667 0.992791 0.007209
3.908333 0.992810 0.007190
3.910000 0.992829 0.007171
3.911667 0.992848 0.007152
3.913333 0.992867 0.007133
3.915000 0.992886 0.007114
3.916667 0.992904 0.007096
3.918333 0.992923 0.007077
3.920000 0.992942 0.007058
3.921667 0.992960 0.007040
3.923333 0.992979 0.007021
3.925000 0.992998 0.007002
3.926667 0.993016 0.006984
3.928333 0.993035 0.006965
3.930000 0.993053 0.006947
3.931667 0.993071 0.006929
3.933333 0.993090 0.006910
3.935000 0.993108 0.006892
3.936667 0.993126 0.006874
3.938333 0.993144 0.006856
3.940000 0.993162 0.006838
3.941667 0.993180 0.006820
3.943333 0.993198 0.006802
3.945000 0.993216 0.006784
3.946667 0.993234 0.006766
3.948333 0.993252 0.006748
3.950000 0.993270 0.006730
3.951667 0.993288 0.006712
3.953333 0.993306 0.006694
3.955000 0.993323 0.006677
3.956667 0.993341 0.006659
3.958333 0.993359 0.006641
3.960000 0.993376 0.006624
3.961667 0.993394 0.006606
3.963333 0.993411 0.006589
3.965000 0.993428 0.006572
3.966667 0.993446 0.006554
3.968333 0.993463 0.006537
3.970000 0.993480 0.006520
3.971667 0.993498 0.006502
3.973333 0.993515 0.006485
3.975000 0.993532 0.006468
3.976667 0.993549 0.006451
3.978333 0.993566 0.006434
3.980000 0.993583 0.006417
3.981667 0.993600 0.006400
3.983333 0.993617 0.006383
3.985000 0.993634 0.006366
3.986667 0.993651 0.006349
3.988333 0.993668 0.006332
3.990000 0.993684 0.006316
3.991667 0.993701 0.006299
3.993333 0.993718 0.006282
3.995000 0.993734 0.006266
3.996667 0.993751 0.006249
3.998333 0.993767 0.006233
4.000000 0.993784 0.006216
4.001667 0.993800 0.006200
4.003333 0.993817 0.006183
4.005000 0.993833 0.006167
4.006667 0.993849 0.006151
4.008333 0.993866 0.006134
4.010000 0.993882 0.006118
4.011667 0.993898 0.006102
4.013333 0.993914 0.006086
4.015000 0.993930 0.006070
4.016667 0.993946 0.006054
4.018333 0.993962 0.006038
4.020000 0.993978 0.006022
4.021667 0.993994 0.006006
4.023333 0.994010 0.005990
4.025000 0.994026 0.005974
4.026667 0.994042 0.005958
4.028333 0.994058 0.005942
4.030000 0.994073 0.005927
4.031667 0.994089 0.005911
4.033333 0.994105 0.005895
4.035000 0.994120 0.005880
4.036667 0.994136 0.005864
4.038333 0.994151 0.005849
4.040000 0.994167 0.005833
4.041667 0.994182 0.005818
4.043333 0.994198 0.005802
4.045000 0.994213 0.005787
4.046667 0.994228 0.005772
4.048333 0.994244 0.005756
4.050000 0.994259 0.005741
4.051667 0.994274 0.005726
4.053333 0.994289 0.005711
4.055000 0.994304 0.005696
4.056667 0.994319 0.005681
4.058333 0.994334 0.005666
4.060000 0.994349 0.005651
4.061667 0.994364 0.005636
4.063333 0.994379 0.005621
4.065000 0.994394 0.005606
4.066667 0.994409 0.005591
4.068333 0.994424 0.005576
4.070000 0.994438 0.005562
4.071667 0.994453 0.005547
4.073333 0.994468 0.005532
4.075000 0.994483 0.005517
4.076667 0.994497 0.005503
4.078333 0.994512 0.005488
4.080000 0.994526 0.005474
4.081667 0.994541 0.005459
4.083333 0.994555 0.005445
4.085000 0.994570 0.005430
4.086667 0.994584 0.005416
4.088333 0.994598 0.005402
4.090000 0.994613 0.005387
4.091667 0.994627 0.005373
4.093333 0.994641 0.005359
4.095000 0.994655 0.005345
4.096667 0.994669 0.005331
4.098333 0.994684 0.005316
4.100000 0.994698 0.005302
4.101667 0.994712 0.005288
4.103333 0.994726 0.005274
4.105000 0.994740 0.005260
4.106667 0.994754 0.005246
4.108333 0.994767 0.005233
4.110000 0.994781 0.005219
4.111667 0.994795 0.005205
4.113333 0.994809 0.005191
4.115000 0.994823 0.005177
4.116667 0.994836 0.005164
4.118333 0.994850 0.005150
4.120000 0.994864 0.005136
4.121667 0.994877 0.005123
4.123333 0.994891 0.005109
4.125000 0.994904 0.005096
4.126667 0.994918 0.005082
4.128333 0.994931 0.005069
4.130000 0.994945 0.005055
4.131667 0.994958 0.005042
4.133333 0.994972 0.005028
4.135000 0.994985 0.005015
4.136667 0.994998 0.005002
4.138333 0.995011 0.004989
4.140000 0.995025 0.004975
4.141667 0.995038 0.004962
4.143333 0.995051 0.004949
4.145000 0.995064 0.004936
4.146667 0.995077 0.004923
4.148333 0.995090 0.004910
4.150000 0.995103 0.004897
4.151667 0.995116 0.004884
4.153333 0.995129 0.004871
4.155000 0.995142 0.004858
4.156667 0.995155 0.004845
4.158333 0.995168 0.004832
4.160000 0.995181 0.004819
4.161667 0.995193 0.004807
4.163333 0.995206 0.004794
4.165000 0.995219 0.004781
4.166667 0.995231 0.004769
4.168333 0.995244 0.004756
4.170000 0.995257 0.004743
4.171667 0.995269 0.004731
4.173333 0.995282 0.004718
4.175000 0.995294 0.004706
4.176667 0.995307 0.004693
4.178333 0.995319 0.004681
4.180000 0.995332 0.004668
4.181667 0.995344 0.004656
4.183333 0.995356 0.004644
4.185000 0.995369 0.004631
4.186667 0.995381 0.004619
4.188333 0.995393 0.004607
4.190000 0.995405 0.004595
4.191667 0.995417 0.004583
4.193333 0.995430 0.004570
4.195000 0.995442 0.004558
4.196667 0.995454 0.004546
4.198333 0.995466 0.004534
4.200000 0.995478 0.004522
4.201667 0.995490 0.004510
4.203333 0.995502 0.004498
4.205000 0.995514 0.004486
4.206667 0.995526 0.004474
4.208333 0.995537 0.004463
4.210000 0.995549 0.004451
4.211667 0.995561 0.004439
4.213333 0.995573 0.004427
4.215000 0.995585 0.004415
4.216667 0.995596 0.004404
4.218333 0.995608 0.004392
4.220000 0.995620 0.004380
4.221667 0.995631 0.004369
4.223333 0.995643 0.004357
4.225000 0.995654 0.004346
4.226667 0.995666 0.004334
4.228333 0.995677 0.004323
4.230000 0.995689 0.004311
4.231667 0.995700 0.004300
4.233333 0.995712 0.004288
4.235000 0.995723 0.004277
4.236667 0.995734 0.004266
4.238333 0.995746 0.004254
4.240000 0.995757 0.004243
4.241667 0.995768 0.004232
4.243333 0.995779 0.004221
4.245000 0.995791 0.004209
4.246667 0.995802 0.004198
4.248333 0.995813 0.004187
4.250000 0.995824 0.004176
4.251667 0.995835 0.004165
4.253333 0.995846 0.004154
4.255000 0.995857 0.004143
4.256667 0.995868 0.004132
4.258333 0.995879 0.004121
4.260000 0.995890 0.004110
4.261667 0.995901 0.004099
4.263333 0.995912 0.004088
4.265000 0.995923 0.004077
4.266667 0.995934 0.004066
4.268333 0.995944 0.004056
4.270000 0.995955 0.004045
4.271667 0.995966 0.004034
4.273333 0.995976 0.004024
4.275000 0.995987 0.004013
4.276667 0.995998 0.004002
4.278333 0.996008 0.003992
4.280000 0.996019 0.003981
4.281667 0.996030 0.003970
4.283333 0.996040 0.003960
4.285000 0.996051 0.003949
4.286667 0.996061 0.003939
4.288333 0.996072 0.003928
4.290000 0.996082 0.003918
4.291667 0.996092 0.003908
4.293333 0.996103 0.003897
4.295000 0.996113 0.003887
4.296667 0.996123 0.003877
4.298333 0.996134 0.003866
4.300000 0.996144 0.003856
4.301667 0.996154 0.003846
4.303333 0.996164 0.003836
4.305000 0.996175 0.003825
4.306667 0.996185 0.003815
4.308333 0.996195 0.003805
4.310000 0.996205 0.003795
4.311667 0.996215 0.003785
4.313333 0.996225 0.003775
4.315000 0.996235 0.003765
4.316667 0.996245 0.003755
4.318333 0.996255 0.003745
4.320000 0.996265 0.003735
4.321667 0.996275 0.003725
4.323333 0.996285 0.003715
4.325000 0.996295 0.003705
4.326667 0.996304 0.003696
4.328333 0.996314 0.003686
4.330000 0.996324 0.003676
4.331667 0.996334 0.003666
4.333333 0.996343 0.003657
4.335000 0.996353 0.003647
4.336667 0.996363 0.003637
4.338333 0.996372 0.003628
4.340000 0.996382 0.003618
4.341667 0.996392 0.003608
4.343333 0.996401 0.003599
4.345000 0.996411 0.003589
4.346667 0.996420 0.003580
4.348333 0.996430 0.003570
4.350000 0.996439 0.003561
4.351667 0.996449 0.003551
4.353333 0.996458 0.003542
4.355000 0.996468 0.003532
4.356667 0.996477 0.003523
4.358333 0.996486 0.003514
4.360000 0.996496 0.003504
4.361667 0.996505 0.003495
4.363333 0.996514 0.003486
4.365000 0.996523 0.003477
4.366667 0.996533 0.003467
4.368333 0.996542 0.003458
4.370000 0.996551 0.003449
4.371667 0.996560 0.003440
4.373333 0.996569 0.003431
4.375000 0.996579 0.003421
4.376667 0.996588 0.003412
4.378333 0.996597 0.003403
4.380000 0.996606 0.003394
4.381667 0.996615 0.003385
4.383333 0.996624 0.003376
4.385000 0.996633 0.003367
4.386667 0.996642 0.003358
4.388333 0.996650 0.003350
4.390000 0.996659 0.003341
4.391667 0.996668 0.003332
4.393333 0.996677 0.003323
4.395000 0.996686 0.003314
4.396667 0.996695 0.003305
4.398333 0.996703 0.003297
4.400000 0.996712 0.003288
4.401667 0.996721 0.003279
4.403333 0.996730 0.003270
4.405000 0.996738 0.003262
4.406667 0.996747 0.003253
4.408333 0.996756 0.003244
4.410000 0.996764 0.003236
4.411667 0.996773 0.003227
4.413333 0.996781 0.003219
4.415000 0.996790 0.003210
4.416667 0.996799 0.003201
4.418333 0.996807 0.003193
4.420000 0.996815 0.003185
4.421667 0.996824 0.003176
4.423333 0.996832 0.003168
4.425000 0.996841 0.003159
4.426667 0.996849 0.003151
4.428333 0.996858 0.003142
4.430000 0.996866 0.003134
4.431667 0.996874 0.003126
4.433333 0.996883 0.003117
4.435000 0.996891 0.003109
4.436667 0.996899 0.003101
4.438333 0.996907 0.003093
4.440000 0.996915 0.003085
4.441667 0.996924 0.003076
4.443333 0.996932 0.003068
4.445000 0.996940 0.003060
4.446667 0.996948 0.003052
4.448333 0.996956 0.003044
4.450000 0.996964 0.003036
4.451667 0.996972 0.003028
4.453333 0.996980 0.003020
4.455000 0.996988 0.003012
4.456667 0.996996 0.003004
4.458333 0.997004 0.002996
4.460000 0.997012 0.002988
4.461667 0.997020 0.002980
4.463333 0.997028 0.002972
4.465000 0.997036 0.002964
4.466667 0.997044 0.002956
4.468333 0.997052 0.002948
4.470000 0.997060 0.002940
4.471667 0.997067 0.002933
4.473333 0.997075 0.002925
4.475000 0.997083 0.002917
4.476667 0.997091 0.002909
4.478333 0.997099 0.002901
4.480000 0.997106 0.002894
4.481667 0.997114 0.002886
4.483333 0.997122 0.002878
4.485000 0.997129 0.002871
4.486667 0.997137 0.002863
4.488333 0.997144 0.002856
4.490000 0.997152 0.002848
4.491667 0.997160 0.002840
4.493333 0.997167 0.002833
4.495000 0.997175 0.002825
4.496667 0.997182 0.002818
4.498333 0.997190 0.002810
4.500000 0.997197 0.002803
4.501667 0.997205 0.002795
4.503333 0.997212 0.002788
4.505000 0.997219 0.002781
4.506667 0.997227 0.002773
4.508333 0.997234 0.002766
4.510000 0.997242 0.002758
4.511667 0.997249 0.002751
4.513333 0.997256 0.002744
4.515000 0.997263 0.002737
4.516667 0.997271 0.002729
4.518333 0.997278 0.002722
4.520000 0.997285 0.002715
4.521667 0.997292 0.002708
4.523333 0.997300 0.002700
4.525000 0.997307 0.002693
4.526667 0.997314 0.002686
4.528333 0.997321 0.002679
4.530000 0.997328 0.002672
4.531667 0.997335 0.002665
4.533333 0.997342 0.002658
4.535000 0.997349 0.002651
4.536667 0.997356 0.002644
4.538333 0.997364 0.002636
4.540000 0.997371 0.002629
4.541667 0.997378 0.002622
4.543333 0.997384 0.002616
4.545000 0.997391 0.002609
4.546667 0.997398 0.002602
4.548333 0.997405 0.002595
4.550000 0.997412 0.002588
4.551667 0.997419 0.002581
4.553333 0.997426 0.002574
4.555000 0.997433 0.002567
4.556667 0.997440 0.002560
4.558333 0.997446 0.002554
4.560000 0.997453 0.002547
4.561667 0.997460 0.002540
4.563333 0.997467 0.002533
4.565000 0.997473 0.002527
4.566667 0.997480 0.002520
4.568333 0.997487 0.002513
4.570000 0.997494 0.002506
4.571667 0.997500 0.002500
4.573333 0.997507 0.002493
4.575000 0.997513 0.002487
4.576667 0.997520 0.002480
4.578333 0.997527 0.002473
4.580000 0.997533 0.002467
4.581667 0.997540 0.002460
4.583333 0.997546 0.002454
4.585000 0.997553 0.002447
4.586667 0.997559 0.002441
4.588333 0.997566 0.002434
4.590000 0.997572 0.002428
4.591667 0.997579 0.002421
4.593333 0.997585 0.002415
4.595000 0.997592 0.002408
4.596667 0.997598 0.002402
4.598333 0.997604 0.002396
4.600000 0.997611 0.002389
4.601667 0.997617 0.002383
4.603333 0.997623 0.002377
4.605000 0.997630 0.002370
4.606667 0.997636 0.002364
4.608333 0.997642 0.002358
4.610000 0.997649 0.002351
4.611667 0.997655 0.002345
4.613333 0.997661 0.002339
4.615000 0.997667 0.002333
4.616667 0.997674 0.002326
4.618333 0.997680 0.002320
4.620000 0.997686 0.002314
4.621667 0.997692 0.002308
4.623333 0.997698 0.002302
4.625000 0.997704 0.002296
4.626667 0.997710 0.002290
4.628333 0.997716 0.002284
4.630000 0.997723 0.002277
4.631667 0.997729 0.002271
4.633333 0.997735 0.002265
4.635000 0.997741 0.002259
4.636667 0.997747 0.002253
4.638333 0.997753 0.002247
4.640000 0.997759 0.002241
4.641667 0.997765 0.002235
4.643333 0.997771 0.002229
4.645000 0.997776 0.002224
4.646667 0.997782 0.002218
4.648333 0.997788 0.002212
4.650000 0.997794 0.002206
4.651667 0.997800 0.002200
4.653333 0.997806 0.002194
4.655000 0.997812 0.002188
4.656667 0.997818 0.002182
4.658333 0.997823 0.002177
4.660000 0.997829 0.002171
4.661667 0.997835 0.002165
4.663333 0.997841 0.002159
4.665000 0.997846 0.002154
4.666667 0.997852 0.002148
4.668333 0.997858 0.002142
4.670000 0.997864 0.002136
4.671667 0.997869 0.002131
4.673333 0.997875 0.002125
4.675000 0.997881 0.002119
4.676667 0.997886 0.002114
4.678333 0.997892 0.002108
4.680000 0.997897 0.002103
4.681667 0.997903 0.002097
4.683333 0.997909 0.002091
4.685000 0.997914 0.002086
4.686667 0.997920 0.002080
4.688333 0.997925 0.002075
4.690000 0.997931 0.002069
4.691667 0.997936 0.002064
4.693333 0.997942 0.002058
4.695000 0.997947 0.002053
4.696667 0.997953 0.002047
4.698333 0.997958 0.002042
4.700000 0.997963 0.002037
4.701667 0.997969 0.002031
4.703333 0.997974 0.002026
4.705000 0.997980 0.002020
4.706667 0.997985 0.002015
4.708333 0.997990 0.002010
4.710000 0.997996 0.002004
4.711667 0.998001 0.001999
4.713333 0.998006 0.001994
4.715000 0.998012 0.001988
4.716667 0.998017 0.001983
4.718333 0.998022 0.001978
4.720000 0.998028 0.001972
4.721667 0.998033 0.001967
4.723333 0.998038 0.001962
4.725000 0.998043 0.001957
4.726667 0.998048 0.001952
4.728333 0.998054 0.001946
4.730000 0.998059 0.001941
4.731667 0.998064 0.001936
4.733333 0.998069 0.001931
4.735000 0.998074 0.001926
4.736667 0.998079 0.001921
4.738333 0.998084 0.001916
4.740000 0.998090 0.001910
4.741667 0.998095 0.001905
4.743333 0.998100 0.001900
4.745000 0.998105 0.001895
4.746667 0.998110 0.001890
4.748333 0.998115 0.001885
4.750000 0.998120 0.001880
4.751667 0.998125 0.001875
4.753333 0.998130 0.001870
4.755000 0.998135 0.001865
4.756667 0.998140 0.001860
4.758333 0.998145 0.001855
4.760000 0.998150 0.001850
4.761667 0.998155 0.001845
4.763333 0.998160 0.001840
4.765000 0.998164 0.001836
4.766667 0.998169 0.001831
4.768333 0.998174 0.001826
4.770000 0.998179 0.001821
4.771667 0.998184 0.001816
4.773333 0.998189 0.001811
4.775000 0.998194 0.001806
4.776667 0.998198 0.001802
4.778333 0.998203 0.001797
4.780000 0.998208 0.001792
4.781667 0.998213 0.001787
4.783333 0.998217 0.001783
4.785000 0.998222 0.001778
4.786667 0.998227 0.001773
4.788333 0.998232 0.001768
4.790000 0.998236 0.001764
4.791667 0.998241 0.001759
4.793333 0.998246 0.001754
4.795000 0.998250 0.001750
4.796667 0.998255 0.001745
4.798333 0.998260 0.001740
4.800000 0.998264 0.001736
4.801667 0.998269 0.001731
4.803333 0.998274 0.001726
4.805000 0.998278 0.001722
4.806667 0.998283 0.001717
4.808333 0.998287 0.001713
4.810000 0.998292 0.001708
4.811667 0.998296 0.001704
4.813333 0.998301 0.001699
4.815000 0.998305 0.001695
4.816667 0.998310 0.001690
4.818333 0.998314 0.001686
4.820000 0.998319 0.001681
4.821667 0.998323 0.001677
4.823333 0.998328 0.001672
4.825000 0.998332 0.001668
4.826667 0.998337 0.001663
4.828333 0.998341 0.001659
4.830000 0.998346 0.001654
4.831667 0.998350 0.001650
4.833333 0.998354 0.001646
4.835000 0.998359 0.001641
4.836667 0.998363 0.001637
4.838333 0.998367 0.001633
4.840000 0.998372 0.001628
4.841667 0.998376 0.001624
4.843333 0.998380 0.001620
4.845000 0.998385 0.001615
4.846667 0.998389 0.001611
4.848333 0.998393 0.001607
4.850000 0.998398 0.001602
4.851667 0.998402 0.001598
4.853333 0.998406 0.001594
4.855000 0.998410 0.001590
4.856667 0.998415 0.001585
4.858333 0.998419 0.001581
4.860000 0.998423 0.001577
4.861667 0.998427 0.001573
4.863333 0.998431 0.001569
4.865000 0.998436 0.001564
4.866667 0.998440 0.001560
4.868333 0.998444 0.001556
4.870000 0.998448 0.001552
4.871667 0.998452 0.001548
4.873333 0.998456 0.001544
4.875000 0.998460 0.001540
4.876667 0.998464 0.001536
4.878333 0.998469 0.001531
4.880000 0.998473 0.001527
4.881667 0.998477 0.001523
4.883333 0.998481 0.001519
4.885000 0.998485 0.001515
4.886667 0.998489 0.001511
4.888333 0.998493 0.001507
4.890000 0.998497 0.001503
4.891667 0.998501 0.001499
4.893333 0.998505 0.001495
4.895000 0.998509 0.001491
4.896667 0.998513 0.001487
4.898333 0.998517 0.001483
4.900000 0.998521 0.001479
4.901667 0.998525 0.001475
4.903333 0.998529 0.001471
4.905000 0.998533 0.001467
4.906667 0.998536 0.001464
4.908333 0.998540 0.001460
4.910000 0.998544 0.001456
4.911667 0.998548 0.001452
4.913333 0.998552 0.001448
4.915000 0.998556 0.001444
4.916667 0.998560 0.001440
4.918333 0.998563 0.001437
4.920000 0.998567 0.001433
4.921667 0.998571 0.001429
4.923333 0.998575 0.001425
4.925000 0.998579 0.001421
4.926667 0.998582 0.001418
4.928333 0.998586 0.001414
4.930000 0.998590 0.001410
4.931667 0.998594 0.001406
4.933333 0.998598 0.001402
4.935000 0.998601 0.001399
4.936667 0.998605 0.001395
4.938333 0.998609 0.001391
4.940000 0.998612 0.001388
4.941667 0.998616 0.001384
4.943333 0.998620 0.001380
4.945000 0.998623 0.001377
4.946667 0.998627 0.001373
4.948333 0.998631 0.001369
4.950000 0.998634 0.001366
4.951667 0.998638 0.001362
4.953333 0.998642 0.001358
4.955000 0.998645 0.001355
4.956667 0.998649 0.001351
4.958333 0.998652 0.001348
4.960000 0.998656 0.001344
4.961667 0.998660 0.001340
4.963333 0.998663 0.001337
4.965000 0.998667 0.001333
4.966667 0.998670 0.001330
4.968333 0.998674 0.001326
4.970000 0.998677 0.001323
4.971667 0.998681 0.001319
4.973333 0.998684 0.001316
4.975000 0.998688 0.001312
4.976667 0.998691 0.001309
4.978333 0.998695 0.001305
4.980000 0.998698 0.001302
4.981667 0.998702 0.001298
4.983333 0.998705 0.001295
4.985000 0.998709 0.001291
4.986667 0.998712 0.001288
4.988333 0.998716 0.001284
4.990000 0.998719 0.001281
4.991667 0.998722 0.001278
4.993333 0.998726 0.001274
4.995000 0.998729 0.001271
4.996667 0.998733 0.001267
4.998333 0.998736 0.001264
5.000000 0.998739 0.001261
