0.000000 0.000000
0.010000 0.000008
0.020000 0.000064
0.030000 0.000216
0.040000 0.000512
0.050000 0.000999
0.060000 0.001725
0.070000 0.002736
0.080000 0.004079
0.090000 0.005798
0.100000 0.007937
0.110000 0.010536
0.120000 0.013636
0.130000 0.017272
0.140000 0.021480
0.150000 0.026290
0.160000 0.031728
0.170000 0.037818
0.180000 0.044576
0.190000 0.052018
0.200000 0.060150
0.210000 0.068978
0.220000 0.078497
0.230000 0.088702
0.240000 0.099579
0.250000 0.111111
0.260000 0.123275
0.270000 0.136042
0.280000 0.149382
0.290000 0.163258
0.300000 0.177632
0.310000 0.192460
0.320000 0.207697
0.330000 0.223299
0.340000 0.239215
0.350000 0.255398
0.360000 0.271799
0.370000 0.288370
0.380000 0.305061
0.390000 0.321828
0.400000 0.338624
0.410000 0.355408
0.420000 0.372137
0.430000 0.388774
0.440000 0.405283
0.450000 0.421631
0.460000 0.437788
0.470000 0.453726
0.480000 0.469422
0.490000 0.484853
0.500000 0.500000
0.510000 0.514848
0.520000 0.529382
0.530000 0.543591
0.540000 0.557466
0.550000 0.571000
0.560000 0.584187
0.570000 0.597025
0.580000 0.609512
0.590000 0.621647
0.600000 0.633431
0.610000 0.644867
0.620000 0.655958
0.630000 0.666708
0.640000 0.677123
0.650000 0.687207
0.660000 0.696967
0.670000 0.706409
0.680000 0.715542
0.690000 0.724372
0.700000 0.732906
0.710000 0.741153
0.720000 0.749121
0.730000 0.756817
0.740000 0.764251
0.750000 0.771429
0.760000 0.778359
0.770000 0.785051
0.780000 0.791511
0.790000 0.797747
0.800000 0.803768
0.810000 0.809579
0.820000 0.815189
0.830000 0.820605
0.840000 0.825833
0.850000 0.830881
0.860000 0.835755
0.870000 0.840460
0.880000 0.845004
0.890000 0.849392
0.900000 0.853630
0.910000 0.857724
0.920000 0.861678
0.930000 0.865498
0.940000 0.869190
0.950000 0.872757
0.960000 0.876205
0.970000 0.879538
0.980000 0.882760
0.990000 0.885876
1.000000 0.888889
1.010000 0.891803
1.020000 0.894622
1.030000 0.897350
1.040000 0.899989
1.050000 0.902544
1.060000 0.905016
1.070000 0.907410
1.080000 0.909729
1.090000 0.911974
1.100000 0.914148
1.110000 0.916255
1.120000 0.918297
1.130000 0.920275
1.140000 0.922193
1.150000 0.924053
1.160000 0.925855
1.170000 0.927604
1.180000 0.929300
1.190000 0.930945
1.200000 0.932542
1.210000 0.934091
1.220000 0.935595
1.230000 0.937055
1.240000 0.938473
1.250000 0.939850
1.260000 0.941187
1.270000 0.942486
1.280000 0.943748
1.290000 0.944975
1.300000 0.946167
1.310000 0.947326
1.320000 0.948453
1.330000 0.949549
1.340000 0.950614
1.350000 0.951651
1.360000 0.952660
1.370000 0.953641
1.380000 0.954596
1.390000 0.955526
1.400000 0.956431
1.410000 0.957312
1.420000 0.958170
1.430000 0.959006
1.440000 0.959820
1.450000 0.960613
1.460000 0.961386
1.470000 0.962139
1.480000 0.962873
1.490000 0.963588
1.500000 0.964286
1.510000 0.964966
1.520000 0.965629
1.530000 0.966276
1.540000 0.966907
1.550000 0.967523
1.560000 0.968124
1.570000 0.968710
1.580000 0.969282
1.590000 0.969841
1.600000 0.970386
1.610000 0.970919
1.620000 0.971439
1.630000 0.971946
1.640000 0.972442
1.650000 0.972927
1.660000 0.973400
1.670000 0.973863
1.680000 0.974315
1.690000 0.974757
1.700000 0.975189
1.710000 0.975611
1.720000 0.976024
1.730000 0.976427
1.740000 0.976822
1.750000 0.977208
1.760000 0.977586
1.770000 0.977955
1.780000 0.978316
1.790000 0.978670
1.800000 0.979016
1.810000 0.979355
1.820000 0.979687
1.830000 0.980011
1.840000 0.980329
1.850000 0.980640
1.860000 0.980945
1.870000 0.981243
1.880000 0.981535
1.890000 0.981822
1.900000 0.982102
1.910000 0.982377
1.920000 0.982646
1.930000 0.982910
1.940000 0.983168
1.950000 0.983421
1.960000 0.983670
1.970000 0.983913
1.980000 0.984152
1.990000 0.984386
2.000000 0.984615
2.010000 0.984840
2.020000 0.985061
2.030000 0.985278
2.040000 0.985490
2.050000 0.985698
2.060000 0.985902
2.070000 0.986103
2.080000 0.986300
2.090000 0.986493
2.100000 0.986682
2.110000 0.986868
2.120000 0.987051
2.130000 0.987230
2.140000 0.987406
2.150000 0.987579
2.160000 0.987748
2.170000 0.987915
2.180000 0.988078
2.190000 0.988239
2.200000 0.988397
2.210000 0.988552
2.220000 0.988704
2.230000 0.988854
2.240000 0.989001
2.250000 0.989145
2.260000 0.989287
2.270000 0.989427
2.280000 0.989564
2.290000 0.989698
2.300000 0.989831
2.310000 0.989961
2.320000 0.990089
2.330000 0.990215
2.340000 0.990338
2.350000 0.990460
2.360000 0.990580
2.370000 0.990697
2.380000 0.990813
2.390000 0.990927
2.400000 0.991039
2.410000 0.991149
2.420000 0.991257
2.430000 0.991364
2.440000 0.991469
2.450000 0.991572
2.460000 0.991673
2.470000 0.991773
2.480000 0.991872
2.490000 0.991968
2.500000 0.992063
2.510000 0.992157
2.520000 0.992250
2.530000 0.992340
2.540000 0.992430
2.550000 0.992518
2.560000 0.992605
2.570000 0.992690
2.580000 0.992774
2.590000 0.992857
2.600000 0.992938
2.610000 0.993019
2.620000 0.993098
2.630000 0.993176
2.640000 0.993252
2.650000 0.993328
2.660000 0.993402
2.670000 0.993476
2.680000 0.993548
2.690000 0.993619
2.700000 0.993689
2.710000 0.993759
2.720000 0.993827
2.730000 0.993894
2.740000 0.993960
2.750000 0.994025
2.760000 0.994090
2.770000 0.994153
2.780000 0.994216
2.790000 0.994277
2.800000 0.994338
2.810000 0.994398
2.820000 0.994457
2.830000 0.994515
2.840000 0.994573
2.850000 0.994629
2.860000 0.994685
2.870000 0.994740
2.880000 0.994794
2.890000 0.994848
2.900000 0.994901
2.910000 0.994953
2.920000 0.995004
2.930000 0.995055
2.940000 0.995105
2.950000 0.995155
2.960000 0.995203
2.970000 0.995251
2.980000 0.995299
2.990000 0.995346
3.000000 0.995392
3.010000 0.995437
3.020000 0.995482
3.030000 0.995527
3.040000 0.995570
3.050000 0.995614
3.060000 0.995656
3.070000 0.995698
3.080000 0.995740
3.090000 0.995781
3.100000 0.995822
3.110000 0.995862
3.120000 0.995901
3.130000 0.995940
3.140000 0.995979
3.150000 0.996017
3.160000 0.996054
3.170000 0.996091
3.180000 0.996128
3.190000 0.996164
3.200000 0.996200
3.210000 0.996235
3.220000 0.996270
3.230000 0.996304
3.240000 0.996338
3.250000 0.996372
3.260000 0.996405
3.270000 0.996438
3.280000 0.996470
3.290000 0.996502
3.300000 0.996534
3.310000 0.996565
3.320000 0.996596
3.330000 0.996626
3.340000 0.996656
3.350000 0.996686
3.360000 0.996716
3.370000 0.996745
3.380000 0.996773
3.390000 0.996802
3.400000 0.996830
3.410000 0.996857
3.420000 0.996885
3.430000 0.996912
3.440000 0.996939
3.450000 0.996965
3.460000 0.996991
3.470000 0.997017
3.480000 0.997043
3.490000 0.997068
3.500000 0.997093
3.510000 0.997118
3.520000 0.997142
3.530000 0.997166
3.540000 0.997190
3.550000 0.997214
3.560000 0.997237
3.570000 0.997260
3.580000 0.997283
3.590000 0.997306
3.600000 0.997328
3.610000 0.997350
3.620000 0.997372
3.630000 0.997394
3.640000 0.997415
3.650000 0.997436
3.660000 0.997457
3.670000 0.997478
3.680000 0.997498
3.690000 0.997518
3.700000 0.997538
3.710000 0.997558
3.720000 0.997578
3.730000 0.997597
3.740000 0.997616
3.750000 0.997635
3.760000 0.997654
3.770000 0.997673
3.780000 0.997691
3.790000 0.997709
3.800000 0.997727
3.810000 0.997745
3.820000 0.997763
3.830000 0.997780
3.840000 0.997797
3.850000 0.997814
3.860000 0.997831
3.870000 0.997848
3.880000 0.997865
3.890000 0.997881
3.900000 0.997897
3.910000 0.997913
3.920000 0.997929
3.930000 0.997945
3.940000 0.997960
3.950000 0.997976
3.960000 0.997991
3.970000 0.998006
3.980000 0.998021
3.990000 0.998036
4.000000 0.998051
4.010000 0.998065
4.020000 0.998080
4.030000 0.998094
4.040000 0.998108
4.050000 0.998122
4.060000 0.998136
4.070000 0.998149
4.080000 0.998163
4.090000 0.998176
4.100000 0.998190
4.110000 0.998203
4.120000 0.998216
4.130000 0.998229
4.140000 0.998241
4.150000 0.998254
4.160000 0.998267
4.170000 0.998279
4.180000 0.998291
4.190000 0.998304
4.200000 0.998316
4.210000 0.998328
4.220000 0.998339
4.230000 0.998351
4.240000 0.998363
4.250000 0.998374
4.260000 0.998386
4.270000 0.998397
4.280000 0.998408
4.290000 0.998419
4.300000 0.998430
4.310000 0.998441
4.320000 0.998452
4.330000 0.998463
4.340000 0.998473
4.350000 0.998484
4.360000 0.998494
4.370000 0.998504
4.380000 0.998515
4.390000 0.998525
4.400000 0.998535
4.410000 0.998545
4.420000 0.998555
4.430000 0.998564
4.440000 0.998574
4.450000 0.998584
4.460000 0.998593
4.470000 0.998602
4.480000 0.998612
4.490000 0.998621
4.500000 0.998630
4.510000 0.998639
4.520000 0.998648
4.530000 0.998657
4.540000 0.998666
4.550000 0.998675
4.560000 0.998683
4.570000 0.998692
4.580000 0.998701
4.590000 0.998709
4.600000 0.998717
4.610000 0.998726
4.620000 0.998734
4.630000 0.998742
4.640000 0.998750
4.650000 0.998758
4.660000 0.998766
4.670000 0.998774
4.680000 0.998782
4.690000 0.998790
4.700000 0.998797
4.710000 0.998805
4.720000 0.998813
4.730000 0.998820
4.740000 0.998828
4.750000 0.998835
4.760000 0.998842
4.770000 0.998850
4.780000 0.998857
4.790000 0.998864
4.800000 0.998871
4.810000 0.998878
4.820000 0.998885
4.830000 0.998892
4.840000 0.998899
4.850000 0.998906
4.860000 0.998912
4.870000 0.998919
4.880000 0.998926
4.890000 0.998932
4.900000 0.998939
4.910000 0.998945
4.920000 0.998952
4.930000 0.998958
4.940000 0.998964
4.950000 0.998970
4.960000 0.998977
4.970000 0.998983
4.980000 0.998989
4.990000 0.998995
5.000000 0.999001
5.010000 0.999007
5.020000 0.999013
5.030000 0.999019
5.040000 0.999025
5.050000 0.999030
5.060000 0.999036
5.070000 0.999042
5.080000 0.999047
5.090000 0.999053
5.100000 0.999059
5.110000 0.999064
5.120000 0.999070
5.130000 0.999075
5.140000 0.999080
5.150000 0.999086
5.160000 0.999091
5.170000 0.999096
5.180000 0.999101
5.190000 0.999107
5.200000 0.999112
5.210000 0.999117
5.220000 0.999122
5.230000 0.999127
5.240000 0.999132
5.250000 0.999137
5.260000 0.999142
5.270000 0.999147
5.280000 0.999152
5.290000 0.999156
5.300000 0.999161
5.310000 0.999166
5.320000 0.999171
5.330000 0.999175
5.340000 0.999180
5.350000 0.999184
5.360000 0.999189
5.370000 0.999193
5.380000 0.999198
5.390000 0.999202
5.400000 0.999207
5.410000 0.999211
5.420000 0.999216
5.430000 0.999220
5.440000 0.999224
5.450000 0.999228
5.460000 0.999233
5.470000 0.999237
5.480000 0.999241
5.490000 0.999245
5.500000 0.999249
5.510000 0.999253
5.520000 0.999257
5.530000 0.999261
5.540000 0.999265
5.550000 0.999269
5.560000 0.999273
5.570000 0.999277
5.580000 0.999281
5.590000 0.999285
5.600000 0.999289
5.610000 0.999293
5.620000 0.999296
5.630000 0.999300
5.640000 0.999304
5.650000 0.999307
5.660000 0.999311
5.670000 0.999315
5.680000 0.999318
5.690000 0.999322
5.700000 0.999325
5.710000 0.999329
5.720000 0.999333
5.730000 0.999336
5.740000 0.999339
5.750000 0.999343
5.760000 0.999346
5.770000 0.999350
5.780000 0.999353
5.790000 0.999356
5.800000 0.999360
5.810000 0.999363
5.820000 0.999366
5.830000 0.999370
5.840000 0.999373
5.850000 0.999376
5.860000 0.999379
5.870000 0.999382
5.880000 0.999386
5.890000 0.999389
5.900000 0.999392
5.910000 0.999395
5.920000 0.999398
5.930000 0.999401
5.940000 0.999404
5.950000 0.999407
5.960000 0.999410
5.970000 0.999413
5.980000 0.999416
5.990000 0.999419
6.000000 0.999422
6.010000 0.999425
6.020000 0.999427
6.030000 0.999430
6.040000 0.999433
6.050000 0.999436
6.060000 0.999439
6.070000 0.999441
6.080000 0.999444
6.090000 0.999447
6.100000 0.999450
6.110000 0.999452
6.120000 0.999455
6.130000 0.999458
6.140000 0.999460
6.150000 0.999463
6.160000 0.999466
6.170000 0.999468
6.180000 0.999471
6.190000 0.999473
6.200000 0.999476
6.210000 0.999478
6.220000 0.999481
6.230000 0.999483
6.240000 0.999486
6.250000 0.999488
6.260000 0.999491
6.270000 0.999493
6.280000 0.999496
6.290000 0.999498
6.300000 0.999500
6.310000 0.999503
6.320000 0.999505
6.330000 0.999507
6.340000 0.999510
6.350000 0.999512
6.360000 0.999514
6.370000 0.999517
6.380000 0.999519
6.390000 0.999521
6.400000 0.999523
6.410000 0.999526
6.420000 0.999528
6.430000 0.999530
6.440000 0.999532
6.450000 0.999534
6.460000 0.999537
6.470000 0.999539
6.480000 0.999541
6.490000 0.999543
6.500000 0.999545
6.510000 0.999547
6.520000 0.999549
6.530000 0.999551
6.540000 0.999553
6.550000 0.999555
6.560000 0.999557
6.570000 0.999559
6.580000 0.999561
6.590000 0.999563
6.600000 0.999565
6.610000 0.999567
6.620000 0.999569
6.630000 0.999571
6.640000 0.999573
6.650000 0.999575
6.660000 0.999577
6.670000 0.999579
6.680000 0.999581
6.690000 0.999583
6.700000 0.999585
6.710000 0.999586
6.720000 0.999588
6.730000 0.999590
6.740000 0.999592
6.750000 0.999594
6.760000 0.999596
6.770000 0.999597
6.780000 0.999599
6.790000 0.999601
6.800000 0.999603
6.810000 0.999604
6.820000 0.999606
6.830000 0.999608
6.840000 0.999610
6.850000 0.999611
6.860000 0.999613
6.870000 0.999615
6.880000 0.999616
6.890000 0.999618
6.900000 0.999620
6.910000 0.999621
6.920000 0.999623
6.930000 0.999625
6.940000 0.999626
6.950000 0.999628
6.960000 0.999629
6.970000 0.999631
6.980000 0.999633
6.990000 0.999634
7.000000 0.999636
7.010000 0.999637
7.020000 0.999639
7.030000 0.999640
7.040000 0.999642
7.050000 0.999643
7.060000 0.999645
7.070000 0.999646
7.080000 0.999648
7.090000 0.999649
7.100000 0.999651
7.110000 0.999652
7.120000 0.999654
7.130000 0.999655
7.140000 0.999657
7.150000 0.999658
7.160000 0.999660
7.170000 0.999661
7.180000 0.999662
7.190000 0.999664
7.200000 0.999665
7.210000 0.999667
7.220000 0.999668
7.230000 0.999669
7.240000 0.999671
7.250000 0.999672
7.260000 0.999673
7.270000 0.999675
7.280000 0.999676
7.290000 0.999677
7.300000 0.999679
7.310000 0.999680
7.320000 0.999681
7.330000 0.999683
7.340000 0.999684
7.350000 0.999685
7.360000 0.999687
7.370000 0.999688
7.380000 0.999689
7.390000 0.999690
7.400000 0.999692
7.410000 0.999693
7.420000 0.999694
7.430000 0.999695
7.440000 0.999697
7.450000 0.999698
7.460000 0.999699
7.470000 0.999700
7.480000 0.999701
7.490000 0.999703
7.500000 0.999704
7.510000 0.999705
7.520000 0.999706
7.530000 0.999707
7.540000 0.999708
7.550000 0.999710
7.560000 0.999711
7.570000 0.999712
7.580000 0.999713
7.590000 0.999714
7.600000 0.999715
7.610000 0.999716
7.620000 0.999718
7.630000 0.999719
7.640000 0.999720
7.650000 0.999721
7.660000 0.999722
7.670000 0.999723
7.680000 0.999724
7.690000 0.999725
7.700000 0.999726
7.710000 0.999727
7.720000 0.999728
7.730000 0.999729
7.740000 0.999730
7.750000 0.999732
7.760000 0.999733
7.770000 0.999734
7.780000 0.999735
7.790000 0.999736
7.800000 0.999737
7.810000 0.999738
7.820000 0.999739
7.830000 0.999740
7.840000 0.999741
7.850000 0.999742
7.860000 0.999743
7.870000 0.999744
7.880000 0.999745
7.890000 0.999746
7.900000 0.999747
7.910000 0.999747
7.920000 0.999748
7.930000 0.999749
7.940000 0.999750
7.950000 0.999751
7.960000 0.999752
7.970000 0.999753
7.980000 0.999754
7.990000 0.999755
8.000000 0.999756
8.010000 0.999757
8.020000 0.999758
8.030000 0.999759
8.040000 0.999760
8.050000 0.999760
8.060000 0.999761
8.070000 0.999762
8.080000 0.999763
8.090000 0.999764
8.100000 0.999765
8.110000 0.999766
8.120000 0.999767
8.130000 0.999767
8.140000 0.999768
8.150000 0.999769
8.160000 0.999770
8.170000 0.999771
8.180000 0.999772
8.190000 0.999773
8.200000 0.999773
8.210000 0.999774
8.220000 0.999775
8.230000 0.999776
8.240000 0.999777
8.250000 0.999777
8.260000 0.999778
8.270000 0.999779
8.280000 0.999780
8.290000 0.999781
8.300000 0.999781
8.310000 0.999782
8.320000 0.999783
8.330000 0.999784
8.340000 0.999785
8.350000 0.999785
8.360000 0.999786
8.370000 0.999787
8.380000 0.999788
8.390000 0.999788
8.400000 0.999789
8.410000 0.999790
8.420000 0.999791
8.430000 0.999791
8.440000 0.999792
8.450000 0.999793
8.460000 0.999794
8.470000 0.999794
8.480000 0.999795
8.490000 0.999796
8.500000 0.999796
8.510000 0.999797
8.520000 0.999798
8.530000 0.999799
8.540000 0.999799
8.550000 0.999800
8.560000 0.999801
8.570000 0.999801
8.580000 0.999802
8.590000 0.999803
8.600000 0.999804
8.610000 0.999804
8.620000 0.999805
8.630000 0.999806
8.640000 0.999806
8.650000 0.999807
8.660000 0.999808
8.670000 0.999808
8.680000 0.999809
8.690000 0.999810
8.700000 0.999810
8.710000 0.999811
8.720000 0.999812
8.730000 0.999812
8.740000 0.999813
8.750000 0.999813
8.760000 0.999814
8.770000 0.999815
8.780000 0.999815
8.790000 0.999816
8.800000 0.999817
8.810000 0.999817
8.820000 0.999818
8.830000 0.999818
8.840000 0.999819
8.850000 0.999820
8.860000 0.999820
8.870000 0.999821
8.880000 0.999822
8.890000 0.999822
8.900000 0.999823
8.910000 0.999823
8.920000 0.999824
8.930000 0.999824
8.940000 0.999825
8.950000 0.999826
8.960000 0.999826
8.970000 0.999827
8.980000 0.999827
8.990000 0.999828
9.000000 0.999829
9.010000 0.999829
9.020000 0.999830
9.030000 0.999830
9.040000 0.999831
9.050000 0.999831
9.060000 0.999832
9.070000 0.999832
9.080000 0.999833
9.090000 0.999834
9.100000 0.999834
9.110000 0.999835
9.120000 0.999835
9.130000 0.999836
9.140000 0.999836
9.150000 0.999837
9.160000 0.999837
9.170000 0.999838
9.180000 0.999838
9.190000 0.999839
9.200000 0.999839
9.210000 0.999840
9.220000 0.999841
9.230000 0.999841
9.240000 0.999842
9.250000 0.999842
9.260000 0.999843
9.270000 0.999843
9.280000 0.999844
9.290000 0.999844
9.300000 0.999845
9.310000 0.999845
9.320000 0.999846
9.330000 0.999846
9.340000 0.999847
9.350000 0.999847
9.360000 0.999848
9.370000 0.999848
9.380000 0.999849
9.390000 0.999849
9.400000 0.999850
9.410000 0.999850
9.420000 0.999850
9.430000 0.999851
9.440000 0.999851
9.450000 0.999852
9.460000 0.999852
9.470000 0.999853
9.480000 0.999853
9.490000 0.999854
9.500000 0.999854
9.510000 0.999855
9.520000 0.999855
9.530000 0.999856
9.540000 0.999856
9.550000 0.999857
9.560000 0.999857
9.570000 0.999857
9.580000 0.999858
9.590000 0.999858
9.600000 0.999859
9.610000 0.999859
9.620000 0.999860
9.630000 0.999860
9.640000 0.999860
9.650000 0.999861
9.660000 0.999861
9.670000 0.999862
9.680000 0.999862
9.690000 0.999863
9.700000 0.999863
9.710000 0.999863
9.720000 0.999864
9.730000 0.999864
9.740000 0.999865
9.750000 0.999865
9.760000 0.999866
9.770000 0.999866
9.780000 0.999866
9.790000 0.999867
9.800000 0.999867
9.810000 0.999868
9.820000 0.999868
9.830000 0.999868
9.840000 0.999869
9.850000 0.999869
9.860000 0.999870
9.870000 0.999870
9.880000 0.999870
9.890000 0.999871
9.900000 0.999871
9.910000 0.999872
9.920000 0.999872
9.930000 0.999872
9.940000 0.999873
9.950000 0.999873
9.960000 0.999874
9.970000 0.999874
9.980000 0.999874
9.990000 0.999875
10.000000 0.999875
