0.000000 0.000000 1.000000
0.001667 0.001407 0.998593
0.003333 0.002811 0.997189
0.005000 0.004214 0.995786
0.006667 0.005616 0.994384
0.008333 0.007015 0.992985
0.010000 0.008413 0.991587
0.011667 0.009809 0.990191
0.013333 0.011203 0.988797
0.015000 0.012596 0.987404
0.016667 0.013986 0.986014
0.018333 0.015375 0.984625
0.020000 0.016762 0.983238
0.021667 0.018147 0.981853
0.023333 0.019531 0.980469
0.025000 0.020912 0.979088
0.026667 0.022292 0.977708
0.028333 0.023670 0.976330
0.030000 0.025046 0.974954
0.031667 0.026421 0.973579
0.033333 0.027793 0.972207
0.035000 0.029164 0.970836
0.036667 0.030533 0.969467
0.038333 0.031900 0.968100
0.040000 0.033265 0.966735
0.041667 0.034628 0.965372
0.043333 0.035990 0.964010
0.045000 0.037350 0.962650
0.046667 0.038707 0.961293
0.048333 0.040063 0.959937
0.050000 0.041418 0.958582
0.051667 0.042770 0.957230
0.053333 0.044120 0.955880
0.055000 0.045469 0.954531
0.056667 0.046816 0.953184
0.058333 0.048161 0.951839
0.060000 0.049503 0.950497
0.061667 0.050845 0.949155
0.063333 0.052184 0.947816
0.065000 0.053521 0.946479
0.066667 0.054857 0.945143
0.068333 0.056190 0.943810
0.070000 0.057522 0.942478
0.071667 0.058852 0.941148
0.073333 0.060180 0.939820
0.075000 0.061506 0.938494
0.076667 0.062830 0.937170
0.078333 0.064152 0.935848
0.080000 0.065473 0.934527
0.081667 0.066791 0.933209
0.083333 0.068108 0.931892
0.085000 0.069423 0.930577
0.086667 0.070735 0.929265
0.088333 0.072046 0.927954
0.090000 0.073355 0.926645
0.091667 0.074662 0.925338
0.093333 0.075967 0.924033
0.095000 0.077270 0.922730
0.096667 0.078572 0.921428
0.098333 0.079871 0.920129
0.100000 0.081168 0.918832
0.101667 0.082464 0.917536
0.103333 0.083757 0.916243
0.105000 0.085049 0.914951
0.106667 0.086339 0.913661
0.108333 0.087626 0.912374
0.110000 0.088912 0.911088
0.111667 0.090196 0.909804
0.113333 0.091478 0.908522
0.115000 0.092758 0.907242
0.116667 0.094036 0.905964
0.118333 0.095312 0.904688
0.120000 0.096586 0.903414
0.121667 0.097858 0.902142
0.123333 0.099128 0.900872
0.125000 0.100396 0.899604
0.126667 0.101663 0.898337
0.128333 0.102927 0.897073
0.130000 0.104189 0.895811
0.131667 0.105450 0.894550
0.133333 0.106708 0.893292
0.135000 0.107964 0.892036
0.136667 0.109219 0.890781
0.138333 0.110471 0.889529
0.140000 0.111722 0.888278
0.141667 0.112970 0.887030
0.143333 0.114217 0.885783
0.145000 0.115461 0.884539
0.146667 0.116704 0.883296
0.148333 0.117944 0.882056
0.150000 0.119183 0.880817
0.151667 0.120420 0.879580
0.153333 0.121654 0.878346
0.155000 0.122887 0.877113
0.156667 0.124117 0.875883
0.158333 0.125346 0.874654
0.160000 0.126573 0.873427
0.161667 0.127797 0.872203
0.163333 0.129020 0.870980
0.165000 0.130241 0.869759
0.166667 0.131459 0.868541
0.168333 0.132676 0.867324
0.170000 0.133890 0.866110
0.171667 0.135103 0.864897
0.173333 0.136314 0.863686
0.175000 0.137522 0.862478
0.176667 0.138729 0.861271
0.178333 0.139933 0.860067
0.180000 0.141136 0.858864
0.181667 0.142337 0.857663
0.183333 0.143535 0.856465
0.185000 0.144732 0.855268
0.186667 0.145926 0.854074
0.188333 0.147119 0.852881
0.190000 0.148309 0.851691
0.191667 0.149498 0.850502
0.193333 0.150684 0.849316
0.195000 0.151868 0.848132
0.196667 0.153051 0.846949
0.198333 0.154231 0.845769
0.200000 0.155409 0.844591
0.201667 0.156586 0.843414
0.203333 0.157760 0.842240
0.205000 0.158932 0.841068
0.206667 0.160103 0.839897
0.208333 0.161271 0.838729
0.210000 0.162437 0.837563
0.211667 0.163601 0.836399
0.213333 0.164763 0.835237
0.215000 0.165923 0.834077
0.216667 0.167081 0.832919
0.218333 0.168237 0.831763
0.220000 0.169391 0.830609
0.221667 0.170543 0.829457
0.223333 0.171693 0.828307
0.225000 0.172841 0.827159
0.226667 0.173987 0.826013
0.228333 0.175131 0.824869
0.230000 0.176272 0.823728
0.231667 0.177412 0.822588
0.233333 0.178550 0.821450
0.235000 0.179685 0.820315
0.236667 0.180819 0.819181
0.238333 0.181951 0.818049
0.240000 0.183080 0.816920
0.241667 0.184208 0.815792
0.243333 0.185333 0.814667
0.245000 0.186457 0.813543
0.246667 0.187578 0.812422
0.248333 0.188697 0.811303
0.250000 0.189815 0.810185
0.251667 0.190930 0.809070
0.253333 0.192043 0.807957
0.255000 0.193154 0.806846
0.256667 0.194263 0.805737
0.258333 0.195371 0.804629
0.260000 0.196476 0.803524
0.261667 0.197579 0.802421
0.263333 0.198680 0.801320
0.265000 0.199779 0.800221
0.266667 0.200876 0.799124
0.268333 0.201970 0.798030
0.270000 0.203063 0.796937
0.271667 0.204154 0.795846
0.273333 0.205243 0.794757
0.275000 0.206330 0.793670
0.276667 0.207414 0.792586
0.278333 0.208497 0.791503
0.280000 0.209578 0.790422
0.281667 0.210656 0.789344
0.283333 0.211733 0.788267
0.285000 0.212807 0.787193
0.286667 0.213880 0.786120
0.288333 0.214950 0.785050
0.290000 0.216018 0.783982
0.291667 0.217085 0.782915
0.293333 0.218149 0.781851
0.295000 0.219211 0.780789
0.296667 0.220272 0.779728
0.298333 0.221330 0.778670
0.300000 0.222386 0.777614
0.301667 0.223440 0.776560
0.303333 0.224493 0.775507
0.305000 0.225543 0.774457
0.306667 0.226591 0.773409
0.308333 0.227637 0.772363
0.310000 0.228681 0.771319
0.311667 0.229723 0.770277
0.313333 0.230763 0.769237
0.315000 0.231801 0.768199
0.316667 0.232837 0.767163
0.318333 0.233871 0.766129
0.320000 0.234903 0.765097
0.321667 0.235933 0.764067
0.323333 0.236960 0.763040
0.325000 0.237986 0.762014
0.326667 0.239010 0.760990
0.328333 0.240032 0.759968
0.330000 0.241052 0.758948
0.331667 0.242069 0.757931
0.333333 0.243085 0.756915
0.335000 0.244099 0.755901
0.336667 0.245111 0.754889
0.338333 0.246121 0.753879
0.340000 0.247128 0.752872
0.341667 0.248134 0.751866
0.343333 0.249138 0.750862
0.345000 0.250139 0.749861
0.346667 0.251139 0.748861
0.348333 0.252137 0.747863
0.350000 0.253133 0.746867
0.351667 0.254126 0.745874
0.353333 0.255118 0.744882
0.355000 0.256108 0.743892
0.356667 0.257096 0.742904
0.358333 0.258081 0.741919
0.360000 0.259065 0.740935
0.361667 0.260047 0.739953
0.363333 0.261027 0.738973
0.365000 0.262004 0.737996
0.366667 0.262980 0.737020
0.368333 0.263954 0.736046
0.370000 0.264926 0.735074
0.371667 0.265896 0.734104
0.373333 0.266864 0.733136
0.375000 0.267829 0.732171
0.376667 0.268793 0.731207
0.378333 0.269755 0.730245
0.380000 0.270715 0.729285
0.381667 0.271673 0.728327
0.383333 0.272629 0.727371
0.385000 0.273583 0.726417
0.386667 0.274536 0.725464
0.388333 0.275486 0.724514
0.390000 0.276434 0.723566
0.391667 0.277380 0.722620
0.393333 0.278324 0.721676
0.395000 0.279267 0.720733
0.396667 0.280207 0.719793
0.398333 0.281145 0.718855
0.400000 0.282082 0.717918
0.401667 0.283016 0.716984
0.403333 0.283949 0.716051
0.405000 0.284880 0.715120
0.406667 0.285808 0.714192
0.408333 0.286735 0.713265
0.410000 0.287660 0.712340
0.411667 0.288583 0.711417
0.413333 0.289504 0.710496
0.415000 0.290423 0.709577
0.416667 0.291340 0.708660
0.418333 0.292255 0.707745
0.420000 0.293168 0.706832
0.421667 0.294080 0.705920
0.423333 0.294989 0.705011
0.425000 0.295896 0.704104
0.426667 0.296802 0.703198
0.428333 0.297706 0.702294
0.430000 0.298607 0.701393
0.431667 0.299507 0.700493
0.433333 0.300405 0.699595
0.435000 0.301301 0.698699
0.436667 0.302195 0.697805
0.438333 0.303087 0.696913
0.440000 0.303978 0.696022
0.441667 0.304866 0.695134
0.443333 0.305753 0.694247
0.445000 0.306637 0.693363
0.446667 0.307520 0.692480
0.448333 0.308401 0.691599
0.450000 0.309280 0.690720
0.451667 0.310157 0.689843
0.453333 0.311032 0.688968
0.455000 0.311906 0.688094
0.456667 0.312777 0.687223
0.458333 0.313647 0.686353
0.460000 0.314515 0.685485
0.461667 0.315381 0.684619
0.463333 0.316245 0.683755
0.465000 0.317107 0.682893
0.466667 0.317967 0.682033
0.468333 0.318825 0.681175
0.470000 0.319682 0.680318
0.471667 0.320537 0.679463
0.473333 0.321390 0.678610
0.475000 0.322241 0.677759
0.476667 0.323090 0.676910
0.478333 0.323938 0.676062
0.480000 0.324783 0.675217
0.481667 0.325627 0.674373
0.483333 0.326469 0.673531
0.485000 0.327309 0.672691
0.486667 0.328147 0.671853
0.488333 0.328983 0.671017
0.490000 0.329818 0.670182
0.491667 0.330651 0.669349
0.493333 0.331482 0.668518
0.495000 0.332311 0.667689
0.496667 0.333138 0.666862
0.498333 0.333964 0.666036
0.500000 0.334788 0.665212
0.501667 0.335610 0.664390
0.503333 0.336430 0.663570
0.505000 0.337248 0.662752
0.506667 0.338065 0.661935
0.508333 0.338880 0.661120
0.510000 0.339693 0.660307
0.511667 0.340504 0.659496
0.513333 0.341313 0.658687
0.515000 0.342121 0.657879
0.516667 0.342927 0.657073
0.518333 0.343731 0.656269
0.520000 0.344534 0.655466
0.521667 0.345334 0.654666
0.523333 0.346133 0.653867
0.525000 0.346930 0.653070
0.526667 0.347725 0.652275
0.528333 0.348519 0.651481
0.530000 0.349311 0.650689
0.531667 0.350101 0.649899
0.533333 0.350889 0.649111
0.535000 0.351676 0.648324
0.536667 0.352461 0.647539
0.538333 0.353244 0.646756
0.540000 0.354025 0.645975
0.541667 0.354805 0.645195
0.543333 0.355583 0.644417
0.545000 0.356359 0.643641
0.546667 0.357134 0.642866
0.548333 0.357907 0.642093
0.550000 0.358678 0.641322
0.551667 0.359447 0.640553
0.553333 0.360215 0.639785
0.555000 0.360981 0.639019
0.556667 0.361745 0.638255
0.558333 0.362508 0.637492
0.560000 0.363269 0.636731
0.561667 0.364028 0.635972
0.563333 0.364786 0.635214
0.565000 0.365541 0.634459
0.566667 0.366296 0.633704
0.568333 0.367048 0.632952
0.570000 0.367799 0.632201
0.571667 0.368548 0.631452
0.573333 0.369296 0.630704
0.575000 0.370042 0.629958
0.576667 0.370786 0.629214
0.578333 0.371528 0.628472
0.580000 0.372269 0.627731
0.581667 0.373008 0.626992
0.583333 0.373746 0.626254
0.585000 0.374482 0.625518
0.586667 0.375216 0.624784
0.588333 0.375949 0.624051
0.590000 0.376680 0.623320
0.591667 0.377409 0.622591
0.593333 0.378137 0.621863
0.595000 0.378863 0.621137
0.596667 0.379588 0.620412
0.598333 0.380311 0.619689
0.600000 0.381032 0.618968
0.601667 0.381752 0.618248
0.603333 0.382470 0.617530
0.605000 0.383186 0.616814
0.606667 0.383901 0.616099
0.608333 0.384614 0.615386
0.610000 0.385326 0.614674
0.611667 0.386036 0.613964
0.613333 0.386744 0.613256
0.615000 0.387451 0.612549
0.616667 0.388157 0.611843
0.618333 0.388860 0.611140
0.620000 0.389563 0.610437
0.621667 0.390263 0.609737
0.623333 0.390962 0.609038
0.625000 0.391660 0.608340
0.626667 0.392356 0.607644
0.628333 0.393050 0.606950
0.630000 0.393743 0.606257
0.631667 0.394434 0.605566
0.633333 0.395124 0.604876
0.635000 0.395812 0.604188
0.636667 0.396499 0.603501
0.638333 0.397184 0.602816
0.640000 0.397867 0.602133
0.641667 0.398549 0.601451
0.643333 0.399230 0.600770
0.645000 0.399909 0.600091
0.646667 0.400586 0.599414
0.648333 0.401262 0.598738
0.650000 0.401937 0.598063
0.651667 0.402610 0.597390
0.653333 0.403281 0.596719
0.655000 0.403951 0.596049
0.656667 0.404619 0.595381
0.658333 0.405286 0.594714
0.660000 0.405952 0.594048
0.661667 0.406615 0.593385
0.663333 0.407278 0.592722
0.665000 0.407939 0.592061
0.666667 0.408598 0.591402
0.668333 0.409256 0.590744
0.670000 0.409913 0.590087
0.671667 0.410568 0.589432
0.673333 0.411221 0.588779
0.675000 0.411874 0.588126
0.676667 0.412524 0.587476
0.678333 0.413173 0.586827
0.680000 0.413821 0.586179
0.681667 0.414467 0.585533
0.683333 0.415112 0.584888
0.685000 0.415756 0.584244
0.686667 0.416398 0.583602
0.688333 0.417038 0.582962
0.690000 0.417677 0.582323
0.691667 0.418315 0.581685
0.693333 0.418951 0.581049
0.695000 0.419586 0.580414
0.696667 0.420219 0.579781
0.698333 0.420851 0.579149
0.700000 0.421482 0.578518
0.701667 0.422111 0.577889
0.703333 0.422739 0.577261
0.705000 0.423365 0.576635
0.706667 0.423990 0.576010
0.708333 0.424614 0.575386
0.710000 0.425236 0.574764
0.711667 0.425857 0.574143
0.713333 0.426476 0.573524
0.715000 0.427094 0.572906
0.716667 0.427711 0.572289
0.718333 0.428326 0.571674
0.720000 0.428940 0.571060
0.721667 0.429552 0.570448
0.723333 0.430163 0.569837
0.725000 0.430773 0.569227
0.726667 0.431381 0.568619
0.728333 0.431988 0.568012
0.730000 0.432594 0.567406
0.731667 0.433198 0.566802
0.733333 0.433801 0.566199
0.735000 0.434403 0.565597
0.736667 0.435003 0.564997
0.738333 0.435602 0.564398
0.740000 0.436200 0.563800
0.741667 0.436796 0.563204
0.743333 0.437391 0.562609
0.745000 0.437985 0.562015
0.746667 0.438577 0.561423
0.748333 0.439168 0.560832
0.750000 0.439758 0.560242
0.751667 0.440346 0.559654
0.753333 0.440933 0.559067
0.755000 0.441519 0.558481
0.756667 0.442104 0.557896
0.758333 0.442687 0.557313
0.760000 0.443269 0.556731
0.761667 0.443849 0.556151
0.763333 0.444429 0.555571
0.765000 0.445007 0.554993
0.766667 0.445583 0.554417
0.768333 0.446159 0.553841
0.770000 0.446733 0.553267
0.771667 0.447306 0.552694
0.773333 0.447877 0.552123
0.775000 0.448448 0.551552
0.776667 0.449017 0.550983
0.778333 0.449585 0.550415
0.780000 0.450151 0.549849
0.781667 0.450717 0.549283
0.783333 0.451281 0.548719
0.785000 0.451844 0.548156
0.786667 0.452405 0.547595
0.788333 0.452965 0.547035
0.790000 0.453525 0.546475
0.791667 0.454082 0.545918
0.793333 0.454639 0.545361
0.795000 0.455194 0.544806
0.796667 0.455749 0.544251
0.798333 0.456302 0.543698
0.800000 0.456853 0.543147
0.801667 0.457404 0.542596
0.803333 0.457953 0.542047
0.805000 0.458501 0.541499
0.806667 0.459048 0.540952
0.808333 0.459594 0.540406
0.810000 0.460138 0.539862
0.811667 0.460682 0.539318
0.813333 0.461224 0.538776
0.815000 0.461765 0.538235
0.816667 0.462304 0.537696
0.818333 0.462843 0.537157
0.820000 0.463380 0.536620
0.821667 0.463916 0.536084
0.823333 0.464451 0.535549
0.825000 0.464985 0.535015
0.826667 0.465518 0.534482
0.828333 0.466049 0.533951
0.830000 0.466580 0.533420
0.831667 0.467109 0.532891
0.833333 0.467637 0.532363
0.835000 0.468164 0.531836
0.836667 0.468689 0.531311
0.838333 0.469214 0.530786
0.840000 0.469737 0.530263
0.841667 0.470260 0.529740
0.843333 0.470781 0.529219
0.845000 0.471301 0.528699
0.846667 0.471820 0.528180
0.848333 0.472337 0.527663
0.850000 0.472854 0.527146
0.851667 0.473369 0.526631
0.853333 0.473884 0.526116
0.855000 0.474397 0.525603
0.856667 0.474909 0.525091
0.858333 0.475420 0.524580
0.860000 0.475930 0.524070
0.861667 0.476439 0.523561
0.863333 0.476946 0.523054
0.865000 0.477453 0.522547
0.866667 0.477958 0.522042
0.868333 0.478463 0.521537
0.870000 0.478966 0.521034
0.871667 0.479468 0.520532
0.873333 0.479969 0.520031
0.875000 0.480469 0.519531
0.876667 0.480968 0.519032
0.878333 0.481466 0.518534
0.880000 0.481963 0.518037
0.881667 0.482459 0.517541
0.883333 0.482953 0.517047
0.885000 0.483447 0.516553
0.886667 0.483939 0.516061
0.888333 0.484431 0.515569
0.890000 0.484921 0.515079
0.891667 0.485411 0.514589
0.893333 0.485899 0.514101
0.895000 0.486386 0.513614
0.896667 0.486872 0.513128
0.898333 0.487357 0.512643
0.900000 0.487842 0.512158
0.901667 0.488325 0.511675
0.903333 0.488807 0.511193
0.905000 0.489288 0.510712
0.906667 0.489768 0.510232
0.908333 0.490247 0.509753
0.910000 0.490724 0.509276
0.911667 0.491201 0.508799
0.913333 0.491677 0.508323
0.915000 0.492152 0.507848
0.916667 0.492626 0.507374
0.918333 0.493099 0.506901
0.920000 0.493570 0.506430
0.921667 0.494041 0.505959
0.923333 0.494511 0.505489
0.925000 0.494980 0.505020
0.926667 0.495448 0.504552
0.928333 0.495914 0.504086
0.930000 0.496380 0.503620
0.931667 0.496845 0.503155
0.933333 0.497309 0.502691
0.935000 0.497772 0.502228
0.936667 0.498234 0.501766
0.938333 0.498695 0.501305
0.940000 0.499154 0.500846
0.941667 0.499613 0.500387
0.943333 0.500071 0.499929
0.945000 0.500528 0.499472
0.946667 0.500984 0.499016
0.948333 0.501439 0.498561
0.950000 0.501893 0.498107
0.951667 0.502347 0.497653
0.953333 0.502799 0.497201
0.955000 0.503250 0.496750
0.956667 0.503700 0.496300
0.958333 0.504150 0.495850
0.960000 0.504598 0.495402
0.961667 0.505045 0.494955
0.963333 0.505492 0.494508
0.965000 0.505938 0.494062
0.966667 0.506382 0.493618
0.968333 0.506826 0.493174
0.970000 0.507269 0.492731
0.971667 0.507710 0.492290
0.973333 0.508151 0.491849
0.975000 0.508591 0.491409
0.976667 0.509030 0.490970
0.978333 0.509469 0.490531
0.980000 0.509906 0.490094
0.981667 0.510342 0.489658
0.983333 0.510778 0.489222
0.985000 0.511212 0.488788
0.986667 0.511646 0.488354
0.988333 0.512078 0.487922
0.990000 0.512510 0.487490
0.991667 0.512941 0.487059
0.993333 0.513371 0.486629
0.995000 0.513800 0.486200
0.996667 0.514228 0.485772
0.998333 0.514656 0.485344
1.000000 0.515082 0.484918
1.001667 0.515508 0.484492
1.003333 0.515932 0.484068
1.005000 0.516356 0.483644
1.006667 0.516779 0.483221
1.008333 0.517201 0.482799
1.010000 0.517622 0.482378
1.011667 0.518042 0.481958
1.013333 0.518462 0.481538
1.015000 0.518880 0.481120
1.016667 0.519298 0.480702
1.018333 0.519715 0.480285
1.020000 0.520131 0.479869
1.021667 0.520546 0.479454
1.023333 0.520960 0.479040
1.025000 0.521374 0.478626
1.026667 0.521786 0.478214
1.028333 0.522198 0.477802
1.030000 0.522609 0.477391
1.031667 0.523019 0.476981
1.033333 0.523428 0.476572
1.035000 0.523837 0.476163
1.036667 0.524244 0.475756
1.038333 0.524651 0.475349
1.040000 0.525057 0.474943
1.041667 0.525462 0.474538
1.043333 0.525866 0.474134
1.045000 0.526269 0.473731
1.046667 0.526672 0.473328
1.048333 0.527074 0.472926
1.050000 0.527475 0.472525
1.051667 0.527875 0.472125
1.053333 0.528274 0.471726
1.055000 0.528672 0.471328
1.056667 0.529070 0.470930
1.058333 0.529467 0.470533
1.060000 0.529863 0.470137
1.061667 0.530258 0.469742
1.063333 0.530653 0.469347
1.065000 0.531046 0.468954
1.066667 0.531439 0.468561
1.068333 0.531831 0.468169
1.070000 0.532223 0.467777
1.071667 0.532613 0.467387
1.073333 0.533003 0.466997
1.075000 0.533392 0.466608
1.076667 0.533780 0.466220
1.078333 0.534167 0.465833
1.080000 0.534554 0.465446
1.081667 0.534940 0.465060
1.083333 0.535325 0.464675
1.085000 0.535709 0.464291
1.086667 0.536093 0.463907
1.088333 0.536475 0.463525
1.090000 0.536857 0.463143
1.091667 0.537238 0.462762
1.093333 0.537619 0.462381
1.095000 0.537999 0.462001
1.096667 0.538378 0.461622
1.098333 0.538756 0.461244
1.100000 0.539133 0.460867
1.101667 0.539510 0.460490
1.103333 0.539886 0.460114
1.105000 0.540261 0.459739
1.106667 0.540635 0.459365
1.108333 0.541009 0.458991
1.110000 0.541382 0.458618
1.111667 0.541754 0.458246
1.113333 0.542126 0.457874
1.115000 0.542496 0.457504
1.116667 0.542866 0.457134
1.118333 0.543235 0.456765
1.120000 0.543604 0.456396
1.121667 0.543972 0.456028
1.123333 0.544339 0.455661
1.125000 0.544705 0.455295
1.126667 0.545071 0.454929
1.128333 0.545436 0.454564
1.130000 0.545800 0.454200
1.131667 0.546163 0.453837
1.133333 0.546526 0.453474
1.135000 0.546888 0.453112
1.136667 0.547250 0.452750
1.138333 0.547610 0.452390
1.140000 0.547970 0.452030
1.141667 0.548329 0.451671
1.143333 0.548688 0.451312
1.145000 0.549046 0.450954
1.146667 0.549403 0.450597
1.148333 0.549759 0.450241
1.150000 0.550115 0.449885
1.151667 0.550470 0.449530
1.153333 0.550824 0.449176
1.155000 0.551178 0.448822
1.156667 0.551531 0.448469
1.158333 0.551883 0.448117
1.160000 0.552235 0.447765
1.161667 0.552586 0.447414
1.163333 0.552936 0.447064
1.165000 0.553286 0.446714
1.166667 0.553635 0.446365
1.168333 0.553983 0.446017
1.170000 0.554330 0.445670
1.171667 0.554677 0.445323
1.173333 0.555023 0.444977
1.175000 0.555369 0.444631
1.176667 0.555714 0.444286
1.178333 0.556058 0.443942
1.180000 0.556402 0.443598
1.181667 0.556744 0.443256
1.183333 0.557087 0.442913
1.185000 0.557428 0.442572
1.186667 0.557769 0.442231
1.188333 0.558109 0.441891
1.190000 0.558449 0.441551
1.191667 0.558788 0.441212
1.193333 0.559126 0.440874
1.195000 0.559464 0.440536
1.196667 0.559801 0.440199
1.198333 0.560137 0.439863
1.200000 0.560473 0.439527
1.201667 0.560808 0.439192
1.203333 0.561143 0.438857
1.205000 0.561476 0.438524
1.206667 0.561810 0.438190
1.208333 0.562142 0.437858
1.210000 0.562474 0.437526
1.211667 0.562805 0.437195
1.213333 0.563136 0.436864
1.215000 0.563466 0.436534
1.216667 0.563795 0.436205
1.218333 0.564124 0.435876
1.220000 0.564452 0.435548
1.221667 0.564780 0.435220
1.223333 0.565107 0.434893
1.225000 0.565433 0.434567
1.226667 0.565759 0.434241
1.228333 0.566084 0.433916
1.230000 0.566408 0.433592
1.231667 0.566732 0.433268
1.233333 0.567056 0.432944
1.235000 0.567378 0.432622
1.236667 0.567700 0.432300
1.238333 0.568022 0.431978
1.240000 0.568343 0.431657
1.241667 0.568663 0.431337
1.243333 0.568982 0.431018
1.245000 0.569301 0.430699
1.246667 0.569620 0.430380
1.248333 0.569938 0.430062
1.250000 0.570255 0.429745
1.251667 0.570572 0.429428
1.253333 0.570888 0.429112
1.255000 0.571203 0.428797
1.256667 0.571518 0.428482
1.258333 0.571833 0.428167
1.260000 0.572146 0.427854
1.261667 0.572459 0.427541
1.263333 0.572772 0.427228
1.265000 0.573084 0.426916
1.266667 0.573395 0.426605
1.268333 0.573706 0.426294
1.270000 0.574017 0.425983
1.271667 0.574326 0.425674
1.273333 0.574635 0.425365
1.275000 0.574944 0.425056
1.276667 0.575252 0.424748
1.278333 0.575559 0.424441
1.280000 0.575866 0.424134
1.281667 0.576173 0.423827
1.283333 0.576478 0.423522
1.285000 0.576784 0.423216
1.286667 0.577088 0.422912
1.288333 0.577392 0.422608
1.290000 0.577696 0.422304
1.291667 0.577999 0.422001
1.293333 0.578301 0.421699
1.295000 0.578603 0.421397
1.296667 0.578904 0.421096
1.298333 0.579205 0.420795
1.300000 0.579505 0.420495
1.301667 0.579805 0.420195
1.303333 0.580104 0.419896
1.305000 0.580403 0.419597
1.306667 0.580701 0.419299
1.308333 0.580998 0.419002
1.310000 0.581295 0.418705
1.311667 0.581592 0.418408
1.313333 0.581887 0.418113
1.315000 0.582183 0.417817
1.316667 0.582478 0.417522
1.318333 0.582772 0.417228
1.320000 0.583066 0.416934
1.321667 0.583359 0.416641
1.323333 0.583652 0.416348
1.325000 0.583944 0.416056
1.326667 0.584235 0.415765
1.328333 0.584526 0.415474
1.330000 0.584817 0.415183
1.331667 0.585107 0.414893
1.333333 0.585397 0.414603
1.335000 0.585686 0.414314
1.336667 0.585974 0.414026
1.338333 0.586262 0.413738
1.340000 0.586550 0.413450
1.341667 0.586837 0.413163
1.343333 0.587123 0.412877
1.345000 0.587409 0.412591
1.346667 0.587695 0.412305
1.348333 0.587980 0.412020
1.350000 0.588264 0.411736
1.351667 0.588548 0.411452
1.353333 0.588831 0.411169
1.355000 0.589114 0.410886
1.356667 0.589397 0.410603
1.358333 0.589679 0.410321
1.360000 0.589960 0.410040
1.361667 0.590241 0.409759
1.363333 0.590521 0.409479
1.365000 0.590801 0.409199
1.366667 0.591081 0.408919
1.368333 0.591360 0.408640
1.370000 0.591638 0.408362
1.371667 0.591916 0.408084
1.373333 0.592194 0.407806
1.375000 0.592471 0.407529
1.376667 0.592747 0.407253
1.378333 0.593023 0.406977
1.380000 0.593299 0.406701
1.381667 0.593574 0.406426
1.383333 0.593848 0.406152
1.385000 0.594122 0.405878
1.386667 0.594396 0.405604
1.388333 0.594669 0.405331
1.390000 0.594942 0.405058
1.391667 0.595214 0.404786
1.393333 0.595486 0.404514
1.395000 0.595757 0.404243
1.396667 0.596028 0.403972
1.398333 0.596298 0.403702
1.400000 0.596568 0.403432
1.401667 0.596837 0.403163
1.403333 0.597106 0.402894
1.405000 0.597375 0.402625
1.406667 0.597642 0.402358
1.408333 0.597910 0.402090
1.410000 0.598177 0.401823
1.411667 0.598444 0.401556
1.413333 0.598710 0.401290
1.415000 0.598975 0.401025
1.416667 0.599241 0.400759
1.418333 0.599505 0.400495
1.420000 0.599770 0.400230
1.421667 0.600033 0.399967
1.423333 0.600297 0.399703
1.425000 0.600560 0.399440
1.426667 0.600822 0.399178
1.428333 0.601084 0.398916
1.430000 0.601346 0.398654
1.431667 0.601607 0.398393
1.433333 0.601868 0.398132
1.435000 0.602128 0.397872
1.436667 0.602388 0.397612
1.438333 0.602647 0.397353
1.440000 0.602906 0.397094
1.441667 0.603165 0.396835
1.443333 0.603423 0.396577
1.445000 0.603680 0.396320
1.446667 0.603937 0.396063
1.448333 0.604194 0.395806
1.450000 0.604450 0.395550
1.451667 0.604706 0.395294
1.453333 0.604962 0.395038
1.455000 0.605217 0.394783
1.456667 0.605471 0.394529
1.458333 0.605725 0.394275
1.460000 0.605979 0.394021
1.461667 0.606232 0.393768
1.463333 0.606485 0.393515
1.465000 0.606738 0.393262
1.466667 0.606990 0.393010
1.468333 0.607241 0.392759
1.470000 0.607492 0.392508
1.471667 0.607743 0.392257
1.473333 0.607993 0.392007
1.475000 0.608243 0.391757
1.476667 0.608493 0.391507
1.478333 0.608742 0.391258
1.480000 0.608990 0.391010
1.481667 0.609239 0.390761
1.483333 0.609486 0.390514
1.485000 0.609734 0.390266
1.486667 0.609981 0.390019
1.488333 0.610227 0.389773
1.490000 0.610474 0.389526
1.491667 0.610719 0.389281
1.493333 0.610965 0.389035
1.495000 0.611210 0.388790
1.496667 0.611454 0.388546
1.498333 0.611698 0.388302
1.500000 0.611942 0.388058
1.501667 0.612185 0.387815
1.503333 0.612428 0.387572
1.505000 0.612671 0.387329
1.506667 0.612913 0.387087
1.508333 0.613155 0.386845
1.510000 0.613396 0.386604
1.511667 0.613637 0.386363
1.513333 0.613878 0.386122
1.515000 0.614118 0.385882
1.516667 0.614357 0.385643
1.518333 0.614597 0.385403
1.520000 0.614836 0.385164
1.521667 0.615074 0.384926
1.523333 0.615313 0.384687
1.525000 0.615550 0.384450
1.526667 0.615788 0.384212
1.528333 0.616025 0.383975
1.530000 0.616261 0.383739
1.531667 0.616498 0.383502
1.533333 0.616733 0.383267
1.535000 0.616969 0.383031
1.536667 0.617204 0.382796
1.538333 0.617439 0.382561
1.540000 0.617673 0.382327
1.541667 0.617907 0.382093
1.543333 0.618141 0.381859
1.545000 0.618374 0.381626
1.546667 0.618607 0.381393
1.548333 0.618839 0.381161
1.550000 0.619071 0.380929
1.551667 0.619303 0.380697
1.553333 0.619534 0.380466
1.555000 0.619765 0.380235
1.556667 0.619996 0.380004
1.558333 0.620226 0.379774
1.560000 0.620456 0.379544
1.561667 0.620685 0.379315
1.563333 0.620914 0.379086
1.565000 0.621143 0.378857
1.566667 0.621371 0.378629
1.568333 0.621599 0.378401
1.570000 0.621827 0.378173
1.571667 0.622054 0.377946
1.573333 0.622281 0.377719
1.575000 0.622508 0.377492
1.576667 0.622734 0.377266
1.578333 0.622960 0.377040
1.580000 0.623185 0.376815
1.581667 0.623410 0.376590
1.583333 0.623635 0.376365
1.585000 0.623859 0.376141
1.586667 0.624083 0.375917
1.588333 0.624307 0.375693
1.590000 0.624530 0.375470
1.591667 0.624753 0.375247
1.593333 0.624976 0.375024
1.595000 0.625198 0.374802
1.596667 0.625420 0.374580
1.598333 0.625642 0.374358
1.600000 0.625863 0.374137
1.601667 0.626084 0.373916
1.603333 0.626304 0.373696
1.605000 0.626524 0.373476
1.606667 0.626744 0.373256
1.608333 0.626964 0.373036
1.610000 0.627183 0.372817
1.611667 0.627402 0.372598
1.613333 0.627620 0.372380
1.615000 0.627838 0.372162
1.616667 0.628056 0.371944
1.618333 0.628273 0.371727
1.620000 0.628490 0.371510
1.621667 0.628707 0.371293
1.623333 0.628924 0.371076
1.625000 0.629140 0.370860
1.626667 0.629355 0.370645
1.628333 0.629571 0.370429
1.630000 0.629786 0.370214
1.631667 0.630001 0.369999
1.633333 0.630215 0.369785
1.635000 0.630429 0.369571
1.636667 0.630643 0.369357
1.638333 0.630856 0.369144
1.640000 0.631069 0.368931
1.641667 0.631282 0.368718
1.643333 0.631494 0.368506
1.645000 0.631706 0.368294
1.646667 0.631918 0.368082
1.648333 0.632130 0.367870
1.650000 0.632341 0.367659
1.651667 0.632551 0.367449
1.653333 0.632762 0.367238
1.655000 0.632972 0.367028
1.656667 0.633182 0.366818
1.658333 0.633391 0.366609
1.660000 0.633600 0.366400
1.661667 0.633809 0.366191
1.663333 0.634018 0.365982
1.665000 0.634226 0.365774
1.666667 0.634434 0.365566
1.668333 0.634641 0.365359
1.670000 0.634849 0.365151
1.671667 0.635056 0.364944
1.673333 0.635262 0.364738
1.675000 0.635469 0.364531
1.676667 0.635675 0.364325
1.678333 0.635880 0.364120
1.680000 0.636086 0.363914
1.681667 0.636291 0.363709
1.683333 0.636495 0.363505
1.685000 0.636700 0.363300
1.686667 0.636904 0.363096
1.688333 0.637108 0.362892
1.690000 0.637311 0.362689
1.691667 0.637514 0.362486
1.693333 0.637717 0.362283
1.695000 0.637920 0.362080
1.696667 0.638122 0.361878
1.698333 0.638324 0.361676
1.700000 0.638526 0.361474
1.701667 0.638727 0.361273
1.703333 0.638928 0.361072
1.705000 0.639129 0.360871
1.706667 0.639330 0.360670
1.708333 0.639530 0.360470
1.710000 0.639730 0.360270
1.711667 0.639929 0.360071
1.713333 0.640128 0.359872
1.715000 0.640327 0.359673
1.716667 0.640526 0.359474
1.718333 0.640724 0.359276
1.720000 0.640922 0.359078
1.721667 0.641120 0.358880
1.723333 0.641318 0.358682
1.725000 0.641515 0.358485
1.726667 0.641712 0.358288
1.728333 0.641908 0.358092
1.730000 0.642105 0.357895
1.731667 0.642301 0.357699
1.733333 0.642497 0.357503
1.735000 0.642692 0.357308
1.736667 0.642887 0.357113
1.738333 0.643082 0.356918
1.740000 0.643277 0.356723
1.741667 0.643471 0.356529
1.743333 0.643665 0.356335
1.745000 0.643859 0.356141
1.746667 0.644052 0.355948
1.748333 0.644245 0.355755
1.750000 0.644438 0.355562
1.751667 0.644631 0.355369
1.753333 0.644823 0.355177
1.755000 0.645015 0.354985
1.756667 0.645207 0.354793
1.758333 0.645398 0.354602
1.760000 0.645589 0.354411
1.761667 0.645780 0.354220
1.763333 0.645971 0.354029
1.765000 0.646161 0.353839
1.766667 0.646351 0.353649
1.768333 0.646541 0.353459
1.770000 0.646731 0.353269
1.771667 0.646920 0.353080
1.773333 0.647109 0.352891
1.775000 0.647297 0.352703
1.776667 0.647486 0.352514
1.778333 0.647674 0.352326
1.780000 0.647862 0.352138
1.781667 0.648049 0.351951
1.783333 0.648237 0.351763
1.785000 0.648424 0.351576
1.786667 0.648611 0.351389
1.788333 0.648797 0.351203
1.790000 0.648983 0.351017
1.791667 0.649169 0.350831
1.793333 0.649355 0.350645
1.795000 0.649540 0.350460
1.796667 0.649726 0.350274
1.798333 0.649910 0.350090
1.800000 0.650095 0.349905
1.801667 0.650279 0.349721
1.803333 0.650464 0.349536
1.805000 0.650647 0.349353
1.806667 0.650831 0.349169
1.808333 0.651014 0.348986
1.810000 0.651197 0.348803
1.811667 0.651380 0.348620
1.813333 0.651563 0.348437
1.815000 0.651745 0.348255
1.816667 0.651927 0.348073
1.818333 0.652109 0.347891
1.820000 0.652290 0.347710
1.821667 0.652471 0.347529
1.823333 0.652652 0.347348
1.825000 0.652833 0.347167
1.826667 0.653014 0.346986
1.828333 0.653194 0.346806
1.830000 0.653374 0.346626
1.831667 0.653553 0.346447
1.833333 0.653733 0.346267
1.835000 0.653912 0.346088
1.836667 0.654091 0.345909
1.838333 0.654270 0.345730
1.840000 0.654448 0.345552
1.841667 0.654626 0.345374
1.843333 0.654804 0.345196
1.845000 0.654982 0.345018
1.846667 0.655159 0.344841
1.848333 0.655337 0.344663
1.850000 0.655514 0.344486
1.851667 0.655690 0.344310
1.853333 0.655867 0.344133
1.855000 0.656043 0.343957
1.856667 0.656219 0.343781
1.858333 0.656394 0.343606
1.860000 0.656570 0.343430
1.861667 0.656745 0.343255
1.863333 0.656920 0.343080
1.865000 0.657095 0.342905
1.866667 0.657269 0.342731
1.868333 0.657443 0.342557
1.870000 0.657617 0.342383
1.871667 0.657791 0.342209
1.873333 0.657965 0.342035
1.875000 0.658138 0.341862
1.876667 0.658311 0.341689
1.878333 0.658484 0.341516
1.880000 0.658656 0.341344
1.881667 0.658829 0.341171
1.883333 0.659001 0.340999
1.885000 0.659173 0.340827
1.886667 0.659344 0.340656
1.888333 0.659515 0.340485
1.890000 0.659687 0.340313
1.891667 0.659857 0.340143
1.893333 0.660028 0.339972
1.895000 0.660199 0.339801
1.896667 0.660369 0.339631
1.898333 0.660539 0.339461
1.900000 0.660708 0.339292
1.901667 0.660878 0.339122
1.903333 0.661047 0.338953
1.905000 0.661216 0.338784
1.906667 0.661385 0.338615
1.908333 0.661553 0.338447
1.910000 0.661722 0.338278
1.911667 0.661890 0.338110
1.913333 0.662058 0.337942
1.915000 0.662225 0.337775
1.916667 0.662393 0.337607
1.918333 0.662560 0.337440
1.920000 0.662727 0.337273
1.921667 0.662894 0.337106
1.923333 0.663060 0.336940
1.925000 0.663226 0.336774
1.926667 0.663392 0.336608
1.928333 0.663558 0.336442
1.930000 0.663724 0.336276
1.931667 0.663889 0.336111
1.933333 0.664054 0.335946
1.935000 0.664219 0.335781
1.936667 0.664384 0.335616
1.938333 0.664548 0.335452
1.940000 0.664713 0.335287
1.941667 0.664877 0.335123
1.943333 0.665041 0.334959
1.945000 0.665204 0.334796
1.946667 0.665367 0.334633
1.948333 0.665531 0.334469
1.950000 0.665694 0.334306
1.951667 0.665856 0.334144
1.953333 0.666019 0.333981
1.955000 0.666181 0.333819
1.956667 0.666343 0.333657
1.958333 0.666505 0.333495
1.960000 0.666667 0.333333
1.961667 0.666828 0.333172
1.963333 0.666989 0.333011
1.965000 0.667150 0.332850
1.966667 0.667311 0.332689
1.968333 0.667471 0.332529
1.970000 0.667632 0.332368
1.971667 0.667792 0.332208
1.973333 0.667952 0.332048
1.975000 0.668112 0.331888
1.976667 0.668271 0.331729
1.978333 0.668430 0.331570
1.980000 0.668589 0.331411
1.981667 0.668748 0.331252
1.983333 0.668907 0.331093
1.985000 0.669065 0.330935
1.986667 0.669224 0.330776
1.988333 0.669382 0.330618
1.990000 0.669539 0.330461
1.991667 0.669697 0.330303
1.993333 0.669854 0.330146
1.995000 0.670012 0.329988
1.996667 0.670169 0.329831
1.998333 0.670325 0.329675
2.000000 0.670482 0.329518
2.001667 0.670638 0.329362
2.003333 0.670794 0.329206
2.005000 0.670950 0.329050
2.006667 0.671106 0.328894
2.008333 0.671262 0.328738
2.010000 0.671417 0.328583
2.011667 0.671572 0.328428
2.013333 0.671727 0.328273
2.015000 0.671882 0.328118
2.016667 0.672036 0.327964
2.018333 0.672191 0.327809
2.020000 0.672345 0.327655
2.021667 0.672499 0.327501
2.023333 0.672652 0.327348
2.025000 0.672806 0.327194
2.026667 0.672959 0.327041
2.028333 0.673112 0.326888
2.030000 0.673265 0.326735
2.031667 0.673418 0.326582
2.033333 0.673571 0.326429
2.035000 0.673723 0.326277
2.036667 0.673875 0.326125
2.038333 0.674027 0.325973
2.040000 0.674179 0.325821
2.041667 0.674330 0.325670
2.043333 0.674482 0.325518
2.045000 0.674633 0.325367
2.046667 0.674784 0.325216
2.048333 0.674935 0.325065
2.050000 0.675085 0.324915
2.051667 0.675236 0.324764
2.053333 0.675386 0.324614
2.055000 0.675536 0.324464
2.056667 0.675686 0.324314
2.058333 0.675835 0.324165
2.060000 0.675985 0.324015
2.061667 0.676134 0.323866
2.063333 0.676283 0.323717
2.065000 0.676432 0.323568
2.066667 0.676580 0.323420
2.068333 0.676729 0.323271
2.070000 0.676877 0.323123
2.071667 0.677025 0.322975
2.073333 0.677173 0.322827
2.075000 0.677321 0.322679
2.076667 0.677468 0.322532
2.078333 0.677616 0.322384
2.080000 0.677763 0.322237
2.081667 0.677910 0.322090
2.083333 0.678057 0.321943
2.085000 0.678203 0.321797
2.086667 0.678350 0.321650
2.088333 0.678496 0.321504
2.090000 0.678642 0.321358
2.091667 0.678788 0.321212
2.093333 0.678933 0.321067
2.095000 0.679079 0.320921
2.096667 0.679224 0.320776
2.098333 0.679369 0.320631
2.100000 0.679514 0.320486
2.101667 0.679659 0.320341
2.103333 0.679804 0.320196
2.105000 0.679948 0.320052
2.106667 0.680092 0.319908
2.108333 0.680236 0.319764
2.110000 0.680380 0.319620
2.111667 0.680524 0.319476
2.113333 0.680667 0.319333
2.115000 0.680811 0.319189
2.116667 0.680954 0.319046
2.118333 0.681097 0.318903
2.120000 0.681239 0.318761
2.121667 0.681382 0.318618
2.123333 0.681525 0.318475
2.125000 0.681667 0.318333
2.126667 0.681809 0.318191
2.128333 0.681951 0.318049
2.130000 0.682092 0.317908
2.131667 0.682234 0.317766
2.133333 0.682375 0.317625
2.135000 0.682517 0.317483
2.136667 0.682658 0.317342
2.138333 0.682798 0.317202
2.140000 0.682939 0.317061
2.141667 0.683080 0.316920
2.143333 0.683220 0.316780
2.145000 0.683360 0.316640
2.146667 0.683500 0.316500
2.148333 0.683640 0.316360
2.150000 0.683779 0.316221
2.151667 0.683919 0.316081
2.153333 0.684058 0.315942
2.155000 0.684197 0.315803
2.156667 0.684336 0.315664
2.158333 0.684475 0.315525
2.160000 0.684614 0.315386
2.161667 0.684752 0.315248
2.163333 0.684890 0.315110
2.165000 0.685028 0.314972
2.166667 0.685166 0.314834
2.168333 0.685304 0.314696
2.170000 0.685442 0.314558
2.171667 0.685579 0.314421
2.173333 0.685716 0.314284
2.175000 0.685853 0.314147
2.176667 0.685990 0.314010
2.178333 0.686127 0.313873
2.180000 0.686264 0.313736
2.181667 0.686400 0.313600
2.183333 0.686536 0.313464
2.185000 0.686672 0.313328
2.186667 0.686808 0.313192
2.188333 0.686944 0.313056
2.190000 0.687080 0.312920
2.191667 0.687215 0.312785
2.193333 0.687350 0.312650
2.195000 0.687485 0.312515
2.196667 0.687620 0.312380
2.198333 0.687755 0.312245
2.200000 0.687890 0.312110
2.201667 0.688024 0.311976
2.203333 0.688158 0.311842
2.205000 0.688292 0.311708
2.206667 0.688426 0.311574
2.208333 0.688560 0.311440
2.210000 0.688694 0.311306
2.211667 0.688827 0.311173
2.213333 0.688961 0.311039
2.215000 0.689094 0.310906
2.216667 0.689227 0.310773
2.218333 0.689360 0.310640
2.220000 0.689492 0.310508
2.221667 0.689625 0.310375
2.223333 0.689757 0.310243
2.225000 0.689889 0.310111
2.226667 0.690022 0.309978
2.228333 0.690153 0.309847
2.230000 0.690285 0.309715
2.231667 0.690417 0.309583
2.233333 0.690548 0.309452
2.235000 0.690679 0.309321
2.236667 0.690810 0.309190
2.238333 0.690941 0.309059
2.240000 0.691072 0.308928
2.241667 0.691203 0.308797
2.243333 0.691333 0.308667
2.245000 0.691464 0.308536
2.246667 0.691594 0.308406
2.248333 0.691724 0.308276
2.250000 0.691854 0.308146
2.251667 0.691983 0.308017
2.253333 0.692113 0.307887
2.255000 0.692242 0.307758
2.256667 0.692372 0.307628
2.258333 0.692501 0.307499
2.260000 0.692630 0.307370
2.261667 0.692759 0.307241
2.263333 0.692887 0.307113
2.265000 0.693016 0.306984
2.266667 0.693144 0.306856
2.268333 0.693272 0.306728
2.270000 0.693400 0.306600
2.271667 0.693528 0.306472
2.273333 0.693656 0.306344
2.275000 0.693784 0.306216
2.276667 0.693911 0.306089
2.278333 0.694038 0.305962
2.280000 0.694165 0.305835
2.281667 0.694292 0.305708
2.283333 0.694419 0.305581
2.285000 0.694546 0.305454
2.286667 0.694673 0.305327
2.288333 0.694799 0.305201
2.290000 0.694925 0.305075
2.291667 0.695051 0.304949
2.293333 0.695177 0.304823
2.295000 0.695303 0.304697
2.296667 0.695429 0.304571
2.298333 0.695554 0.304446
2.300000 0.695680 0.304320
2.301667 0.695805 0.304195
2.303333 0.695930 0.304070
2.305000 0.696055 0.303945
2.306667 0.696180 0.303820
2.308333 0.696305 0.303695
2.310000 0.696429 0.303571
2.311667 0.696553 0.303447
2.313333 0.696678 0.303322
2.315000 0.696802 0.303198
2.316667 0.696926 0.303074
2.318333 0.697050 0.302950
2.320000 0.697173 0.302827
2.321667 0.697297 0.302703
2.323333 0.697420 0.302580
2.325000 0.697543 0.302457
2.326667 0.697666 0.302334
2.328333 0.697789 0.302211
2.330000 0.697912 0.302088
2.331667 0.698035 0.301965
2.333333 0.698157 0.301843
2.335000 0.698280 0.301720
2.336667 0.698402 0.301598
2.338333 0.698524 0.301476
2.340000 0.698646 0.301354
2.341667 0.698768 0.301232
2.343333 0.698890 0.301110
2.345000 0.699011 0.300989
2.346667 0.699133 0.300867
2.348333 0.699254 0.300746
2.350000 0.699375 0.300625
2.351667 0.699496 0.300504
2.353333 0.699617 0.300383
2.355000 0.699738 0.300262
2.356667 0.699858 0.300142
2.358333 0.699979 0.300021
2.360000 0.700099 0.299901
2.361667 0.700219 0.299781
2.363333 0.700339 0.299661
2.365000 0.700459 0.299541
2.366667 0.700579 0.299421
2.368333 0.700699 0.299301
2.370000 0.700818 0.299182
2.371667 0.700938 0.299062
2.373333 0.701057 0.298943
2.375000 0.701176 0.298824
2.376667 0.701295 0.298705
2.378333 0.701414 0.298586
2.380000 0.701532 0.298468
2.381667 0.701651 0.298349
2.383333 0.701769 0.298231
2.385000 0.701888 0.298112
2.386667 0.702006 0.297994
2.388333 0.702124 0.297876
2.390000 0.702242 0.297758
2.391667 0.702360 0.297640
2.393333 0.702477 0.297523
2.395000 0.702595 0.297405
2.396667 0.702712 0.297288
2.398333 0.702830 0.297170
2.400000 0.702947 0.297053
2.401667 0.703064 0.296936
2.403333 0.703180 0.296820
2.405000 0.703297 0.296703
2.406667 0.703414 0.296586
2.408333 0.703530 0.296470
2.410000 0.703647 0.296353
2.411667 0.703763 0.296237
2.413333 0.703879 0.296121
2.415000 0.703995 0.296005
2.416667 0.704111 0.295889
2.418333 0.704226 0.295774
2.420000 0.704342 0.295658
2.421667 0.704457 0.295543
2.423333 0.704573 0.295427
2.425000 0.704688 0.295312
2.426667 0.704803 0.295197
2.428333 0.704918 0.295082
2.430000 0.705033 0.294967
2.431667 0.705148 0.294852
2.433333 0.705262 0.294738
2.435000 0.705377 0.294623
2.436667 0.705491 0.294509
2.438333 0.705605 0.294395
2.440000 0.705719 0.294281
2.441667 0.705833 0.294167
2.443333 0.705947 0.294053
2.445000 0.706061 0.293939
2.446667 0.706174 0.293826
2.448333 0.706288 0.293712
2.450000 0.706401 0.293599
2.451667 0.706514 0.293486
2.453333 0.706627 0.293373
2.455000 0.706740 0.293260
2.456667 0.706853 0.293147
2.458333 0.706966 0.293034
2.460000 0.707078 0.292922
2.461667 0.707191 0.292809
2.463333 0.707303 0.292697
2.465000 0.707415 0.292585
2.466667 0.707527 0.292473
2.468333 0.707639 0.292361
2.470000 0.707751 0.292249
2.471667 0.707863 0.292137
2.473333 0.707974 0.292026
2.475000 0.708086 0.291914
2.476667 0.708197 0.291803
2.478333 0.708308 0.291692
2.480000 0.708420 0.291580
2.481667 0.708531 0.291469
2.483333 0.708641 0.291359
2.485000 0.708752 0.291248
2.486667 0.708863 0.291137
2.488333 0.708973 0.291027
2.490000 0.709084 0.290916
2.491667 0.709194 0.290806
2.493333 0.709304 0.290696
2.495000 0.709414 0.290586
2.496667 0.709524 0.290476
2.498333 0.709634 0.290366
2.500000 0.709744 0.290256
2.501667 0.709853 0.290147
2.503333 0.709963 0.290037
2.505000 0.710072 0.289928
2.506667 0.710181 0.289819
2.508333 0.710290 0.289710
2.510000 0.710399 0.289601
2.511667 0.710508 0.289492
2.513333 0.710617 0.289383
2.515000 0.710726 0.289274
2.516667 0.710834 0.289166
2.518333 0.710943 0.289057
2.520000 0.711051 0.288949
2.521667 0.711159 0.288841
2.523333 0.711267 0.288733
2.525000 0.711375 0.288625
2.526667 0.711483 0.288517
2.528333 0.711591 0.288409
2.530000 0.711698 0.288302
2.531667 0.711806 0.288194
2.533333 0.711913 0.288087
2.535000 0.712020 0.287980
2.536667 0.712128 0.287872
2.538333 0.712235 0.287765
2.540000 0.712342 0.287658
2.541667 0.712448 0.287552
2.543333 0.712555 0.287445
2.545000 0.712662 0.287338
2.546667 0.712768 0.287232
2.548333 0.712875 0.287125
2.550000 0.712981 0.287019
2.551667 0.713087 0.286913
2.553333 0.713193 0.286807
2.555000 0.713299 0.286701
2.556667 0.713405 0.286595
2.558333 0.713510 0.286490
2.560000 0.713616 0.286384
2.561667 0.713721 0.286279
2.563333 0.713827 0.286173
2.565000 0.713932 0.286068
2.566667 0.714037 0.285963
2.568333 0.714142 0.285858
2.570000 0.714247 0.285753
2.571667 0.714352 0.285648
2.573333 0.714457 0.285543
2.575000 0.714561 0.285439
2.576667 0.714666 0.285334
2.578333 0.714770 0.285230
2.580000 0.714874 0.285126
2.581667 0.714979 0.285021
2.583333 0.715083 0.284917
2.585000 0.715187 0.284813
2.586667 0.715290 0.284710
2.588333 0.715394 0.284606
2.590000 0.715498 0.284502
2.591667 0.715601 0.284399
2.593333 0.715705 0.284295
2.595000 0.715808 0.284192
2.596667 0.715911 0.284089
2.598333 0.716014 0.283986
2.600000 0.716117 0.283883
2.601667 0.716220 0.283780
2.603333 0.716323 0.283677
2.605000 0.716426 0.283574
2.606667 0.716528 0.283472
2.608333 0.716631 0.283369
2.610000 0.716733 0.283267
2.611667 0.716835 0.283165
2.613333 0.716937 0.283063
2.615000 0.717039 0.282961
2.616667 0.717141 0.282859
2.618333 0.717243 0.282757
2.620000 0.717345 0.282655
2.621667 0.717447 0.282553
2.623333 0.717548 0.282452
2.625000 0.717649 0.282351
2.626667 0.717751 0.282249
2.628333 0.717852 0.282148
2.630000 0.717953 0.282047
2.631667 0.718054 0.281946
2.633333 0.718155 0.281845
2.635000 0.718256 0.281744
2.636667 0.718356 0.281644
2.638333 0.718457 0.281543
2.640000 0.718558 0.281442
2.641667 0.718658 0.281342
2.643333 0.718758 0.281242
2.645000 0.718858 0.281142
2.646667 0.718958 0.281042
2.648333 0.719058 0.280942
2.650000 0.719158 0.280842
2.651667 0.719258 0.280742
2.653333 0.719358 0.280642
2.655000 0.719457 0.280543
2.656667 0.719557 0.280443
2.658333 0.719656 0.280344
2.660000 0.719755 0.280245
2.661667 0.719855 0.280145
2.663333 0.719954 0.280046
2.665000 0.720053 0.279947
2.666667 0.720151 0.279849
2.668333 0.720250 0.279750
2.670000 0.720349 0.279651
2.671667 0.720447 0.279553
2.673333 0.720546 0.279454
2.675000 0.720644 0.279356
2.676667 0.720743 0.279257
2.678333 0.720841 0.279159
2.680000 0.720939 0.279061
2.681667 0.721037 0.278963
2.683333 0.721135 0.278865
2.685000 0.721233 0.278767
2.686667 0.721330 0.278670
2.688333 0.721428 0.278572
2.690000 0.721525 0.278475
2.691667 0.721623 0.278377
2.693333 0.721720 0.278280
2.695000 0.721817 0.278183
2.696667 0.721914 0.278086
2.698333 0.722011 0.277989
2.700000 0.722108 0.277892
2.701667 0.722205 0.277795
2.703333 0.722302 0.277698
2.705000 0.722398 0.277602
2.706667 0.722495 0.277505
2.708333 0.722591 0.277409
2.710000 0.722688 0.277312
2.711667 0.722784 0.277216
2.713333 0.722880 0.277120
2.715000 0.722976 0.277024
2.716667 0.723072 0.276928
2.718333 0.723168 0.276832
2.720000 0.723264 0.276736
2.721667 0.723359 0.276641
2.723333 0.723455 0.276545
2.725000 0.723550 0.276450
2.726667 0.723646 0.276354
2.728333 0.723741 0.276259
2.730000 0.723836 0.276164
2.731667 0.723931 0.276069
2.733333 0.724026 0.275974
2.735000 0.724121 0.275879
2.736667 0.724216 0.275784
2.738333 0.724311 0.275689
2.740000 0.724405 0.275595
2.741667 0.724500 0.275500
2.743333 0.724594 0.275406
2.745000 0.724689 0.275311
2.746667 0.724783 0.275217
2.748333 0.724877 0.275123
2.750000 0.724971 0.275029
2.751667 0.725065 0.274935
2.753333 0.725159 0.274841
2.755000 0.725253 0.274747
2.756667 0.725347 0.274653
2.758333 0.725440 0.274560
2.760000 0.725534 0.274466
2.761667 0.725627 0.274373
2.763333 0.725721 0.274279
2.765000 0.725814 0.274186
2.766667 0.725907 0.274093
2.768333 0.726000 0.274000
2.770000 0.726093 0.273907
2.771667 0.726186 0.273814
2.773333 0.726279 0.273721
2.775000 0.726371 0.273629
2.776667 0.726464 0.273536
2.778333 0.726557 0.273443
2.780000 0.726649 0.273351
2.781667 0.726741 0.273259
2.783333 0.726834 0.273166
2.785000 0.726926 0.273074
2.786667 0.727018 0.272982
2.788333 0.727110 0.272890
2.790000 0.727202 0.272798
2.791667 0.727294 0.272706
2.793333 0.727385 0.272615
2.795000 0.727477 0.272523
2.796667 0.727569 0.272431
2.798333 0.727660 0.272340
2.800000 0.727752 0.272248
2.801667 0.727843 0.272157
2.803333 0.727934 0.272066
2.805000 0.728025 0.271975
2.806667 0.728116 0.271884
2.808333 0.728207 0.271793
2.810000 0.728298 0.271702
2.811667 0.728389 0.271611
2.813333 0.728479 0.271521
2.815000 0.728570 0.271430
2.816667 0.728661 0.271339
2.818333 0.728751 0.271249
2.820000 0.728841 0.271159
2.821667 0.728932 0.271068
2.823333 0.729022 0.270978
2.825000 0.729112 0.270888
2.826667 0.729202 0.270798
2.828333 0.729292 0.270708
2.830000 0.729382 0.270618
2.831667 0.729471 0.270529
2.833333 0.729561 0.270439
2.835000 0.729651 0.270349
2.836667 0.729740 0.270260
2.838333 0.729829 0.270171
2.840000 0.729919 0.270081
2.841667 0.730008 0.269992
2.843333 0.730097 0.269903
2.845000 0.730186 0.269814
2.846667 0.730275 0.269725
2.848333 0.730364 0.269636
2.850000 0.730453 0.269547
2.851667 0.730542 0.269458
2.853333 0.730630 0.269370
2.855000 0.730719 0.269281
2.856667 0.730807 0.269193
2.858333 0.730896 0.269104
2.860000 0.730984 0.269016
2.861667 0.731072 0.268928
2.863333 0.731160 0.268840
2.865000 0.731248 0.268752
2.866667 0.731336 0.268664
2.868333 0.731424 0.268576
2.870000 0.731512 0.268488
2.871667 0.731600 0.268400
2.873333 0.731687 0.268313
2.875000 0.731775 0.268225
2.876667 0.731862 0.268138
2.878333 0.731950 0.268050
2.880000 0.732037 0.267963
2.881667 0.732124 0.267876
2.883333 0.732212 0.267788
2.885000 0.732299 0.267701
2.886667 0.732386 0.267614
2.888333 0.732473 0.267527
2.890000 0.732559 0.267441
2.891667 0.732646 0.267354
2.893333 0.732733 0.267267
2.895000 0.732819 0.267181
2.896667 0.732906 0.267094
2.898333 0.732992 0.267008
2.900000 0.733079 0.266921
2.901667 0.733165 0.266835
2.903333 0.733251 0.266749
2.905000 0.733337 0.266663
2.906667 0.733423 0.266577
2.908333 0.733509 0.266491
2.910000 0.733595 0.266405
2.911667 0.733681 0.266319
2.913333 0.733767 0.266233
2.915000 0.733852 0.266148
2.916667 0.733938 0.266062
2.918333 0.734023 0.265977
2.920000 0.734109 0.265891
2.921667 0.734194 0.265806
2.923333 0.734279 0.265721
2.925000 0.734364 0.265636
2.926667 0.734449 0.265551
2.928333 0.734534 0.265466
2.930000 0.734619 0.265381
2.931667 0.734704 0.265296
2.933333 0.734789 0.265211
2.935000 0.734874 0.265126
2.936667 0.734958 0.265042
2.938333 0.735043 0.264957
2.940000 0.735127 0.264873
2.941667 0.735212 0.264788
2.943333 0.735296 0.264704
2.945000 0.735380 0.264620
2.946667 0.735464 0.264536
2.948333 0.735548 0.264452
2.950000 0.735632 0.264368
2.951667 0.735716 0.264284
2.953333 0.735800 0.264200
2.955000 0.735884 0.264116
2.956667 0.735968 0.264032
2.958333 0.736051 0.263949
2.960000 0.736135 0.263865
2.961667 0.736218 0.263782
2.963333 0.736302 0.263698
2.965000 0.736385 0.263615
2.966667 0.736468 0.263532
2.968333 0.736551 0.263449
2.970000 0.736634 0.263366
2.971667 0.736717 0.263283
2.973333 0.736800 0.263200
2.975000 0.736883 0.263117
2.976667 0.736966 0.263034
2.978333 0.737049 0.262951
2.980000 0.737131 0.262869
2.981667 0.737214 0.262786
2.983333 0.737296 0.262704
2.985000 0.737379 0.262621
2.986667 0.737461 0.262539
2.988333 0.737543 0.262457
2.990000 0.737626 0.262374
2.991667 0.737708 0.262292
2.993333 0.737790 0.262210
2.995000 0.737872 0.262128
2.996667 0.737954 0.262046
2.998333 0.738035 0.261965
3.000000 0.738117 0.261883
3.001667 0.738199 0.261801
3.003333 0.738280 0.261720
3.005000 0.738362 0.261638
3.006667 0.738443 0.261557
3.008333 0.738525 0.261475
3.010000 0.738606 0.261394
3.011667 0.738687 0.261313
3.013333 0.738768 0.261232
3.015000 0.738849 0.261151
3.016667 0.738930 0.261070
3.018333 0.739011 0.260989
3.020000 0.739092 0.260908
3.021667 0.739173 0.260827
3.023333 0.739254 0.260746
3.025000 0.739334 0.260666
3.026667 0.739415 0.260585
3.028333 0.739496 0.260504
3.030000 0.739576 0.260424
3.031667 0.739656 0.260344
3.033333 0.739737 0.260263
3.035000 0.739817 0.260183
3.036667 0.739897 0.260103
3.038333 0.739977 0.260023
3.040000 0.740057 0.259943
3.041667 0.740137 0.259863
3.043333 0.740217 0.259783
3.045000 0.740297 0.259703
3.046667 0.740376 0.259624
3.048333 0.740456 0.259544
3.050000 0.740536 0.259464
3.051667 0.740615 0.259385
3.053333 0.740695 0.259305
3.055000 0.740774 0.259226
3.056667 0.740853 0.259147
3.058333 0.740933 0.259067
3.060000 0.741012 0.258988
3.061667 0.741091 0.258909
3.063333 0.741170 0.258830
3.065000 0.741249 0.258751
3.066667 0.741328 0.258672
3.068333 0.741407 0.258593
3.070000 0.741485 0.258515
3.071667 0.741564 0.258436
3.073333 0.741643 0.258357
3.075000 0.741721 0.258279
3.076667 0.741800 0.258200
3.078333 0.741878 0.258122
3.080000 0.741956 0.258044
3.081667 0.742035 0.257965
3.083333 0.742113 0.257887
3.085000 0.742191 0.257809
3.086667 0.742269 0.257731
3.088333 0.742347 0.257653
3.090000 0.742425 0.257575
3.091667 0.742503 0.257497
3.093333 0.742581 0.257419
3.095000 0.742658 0.257342
3.096667 0.742736 0.257264
3.098333 0.742814 0.257186
3.100000 0.742891 0.257109
3.101667 0.742969 0.257031
3.103333 0.743046 0.256954
3.105000 0.743123 0.256877
3.106667 0.743200 0.256800
3.108333 0.743278 0.256722
3.110000 0.743355 0.256645
3.111667 0.743432 0.256568
3.113333 0.743509 0.256491
3.115000 0.743586 0.256414
3.116667 0.743663 0.256337
3.118333 0.743739 0.256261
3.120000 0.743816 0.256184
3.121667 0.743893 0.256107
3.123333 0.743969 0.256031
3.125000 0.744046 0.255954
3.126667 0.744122 0.255878
3.128333 0.744199 0.255801
3.130000 0.744275 0.255725
3.131667 0.744351 0.255649
3.133333 0.744427 0.255573
3.135000 0.744504 0.255496
3.136667 0.744580 0.255420
3.138333 0.744656 0.255344
3.140000 0.744732 0.255268
3.141667 0.744807 0.255193
3.143333 0.744883 0.255117
3.145000 0.744959 0.255041
3.146667 0.745035 0.254965
3.148333 0.745110 0.254890
3.150000 0.745186 0.254814
3.151667 0.745261 0.254739
3.153333 0.745337 0.254663
3.155000 0.745412 0.254588
3.156667 0.745487 0.254513
3.158333 0.745563 0.254437
3.160000 0.745638 0.254362
3.161667 0.745713 0.254287
3.163333 0.745788 0.254212
3.165000 0.745863 0.254137
3.166667 0.745938 0.254062
3.168333 0.746013 0.253987
3.170000 0.746087 0.253913
3.171667 0.746162 0.253838
3.173333 0.746237 0.253763
3.175000 0.746311 0.253689
3.176667 0.746386 0.253614
3.178333 0.746460 0.253540
3.180000 0.746535 0.253465
3.181667 0.746609 0.253391
3.183333 0.746683 0.253317
3.185000 0.746757 0.253243
3.186667 0.746832 0.253168
3.188333 0.746906 0.253094
3.190000 0.746980 0.253020
3.191667 0.747054 0.252946
3.193333 0.747127 0.252873
3.195000 0.747201 0.252799
3.196667 0.747275 0.252725
3.198333 0.747349 0.252651
3.200000 0.747422 0.252578
3.201667 0.747496 0.252504
3.203333 0.747569 0.252431
3.205000 0.747643 0.252357
3.206667 0.747716 0.252284
3.208333 0.747790 0.252210
3.210000 0.747863 0.252137
3.211667 0.747936 0.252064
3.213333 0.748009 0.251991
3.215000 0.748082 0.251918
3.216667 0.748155 0.251845
3.218333 0.748228 0.251772
3.220000 0.748301 0.251699
3.221667 0.748374 0.251626
3.223333 0.748447 0.251553
3.225000 0.748520 0.251480
3.226667 0.748592 0.251408
3.228333 0.748665 0.251335
3.230000 0.748737 0.251263
3.231667 0.748810 0.251190
3.233333 0.748882 0.251118
3.235000 0.748955 0.251045
3.236667 0.749027 0.250973
3.238333 0.749099 0.250901
3.240000 0.749171 0.250829
3.241667 0.749243 0.250757
3.243333 0.749316 0.250684
3.245000 0.749388 0.250612
3.246667 0.749459 0.250541
3.248333 0.749531 0.250469
3.250000 0.749603 0.250397
3.251667 0.749675 0.250325
3.253333 0.749747 0.250253
3.255000 0.749818 0.250182
3.256667 0.749890 0.250110
3.258333 0.749961 0.250039
3.260000 0.750033 0.249967
3.261667 0.750104 0.249896
3.263333 0.750176 0.249824
3.265000 0.750247 0.249753
3.266667 0.750318 0.249682
3.268333 0.750389 0.249611
3.270000 0.750460 0.249540
3.271667 0.750531 0.249469
3.273333 0.750602 0.249398
3.275000 0.750673 0.249327
3.276667 0.750744 0.249256
3.278333 0.750815 0.249185
3.280000 0.750886 0.249114
3.281667 0.750956 0.249044
3.283333 0.751027 0.248973
3.285000 0.751098 0.248902
3.286667 0.751168 0.248832
3.288333 0.751239 0.248761
3.290000 0.751309 0.248691
3.291667 0.751379 0.248621
3.293333 0.751450 0.248550
3.295000 0.751520 0.248480
3.296667 0.751590 0.248410
3.298333 0.751660 0.248340
3.300000 0.751730 0.248270
3.301667 0.751800 0.248200
3.303333 0.751870 0.248130
3.305000 0.751940 0.248060
3.306667 0.752010 0.247990
3.308333 0.752080 0.247920
3.310000 0.752150 0.247850
3.311667 0.752219 0.247781
3.313333 0.752289 0.247711
3.315000 0.752358 0.247642
3.316667 0.752428 0.247572
3.318333 0.752497 0.247503
3.320000 0.752567 0.247433
3.321667 0.752636 0.247364
3.323333 0.752705 0.247295
3.325000 0.752774 0.247226
3.326667 0.752844 0.247156
3.328333 0.752913 0.247087
3.330000 0.752982 0.247018
3.331667 0.753051 0.246949
3.333333 0.753120 0.246880
3.335000 0.753189 0.246811
3.336667 0.753257 0.246743
3.338333 0.753326 0.246674
3.340000 0.753395 0.246605
3.341667 0.753464 0.246536
3.343333 0.753532 0.246468
3.345000 0.753601 0.246399
3.346667 0.753669 0.246331
3.348333 0.753738 0.246262
3.350000 0.753806 0.246194
3.351667 0.753874 0.246126
3.353333 0.753943 0.246057
3.355000 0.754011 0.245989
3.356667 0.754079 0.245921
3.358333 0.754147 0.245853
3.360000 0.754215 0.245785
3.361667 0.754283 0.245717
3.363333 0.754351 0.245649
3.365000 0.754419 0.245581
3.366667 0.754487 0.245513
3.368333 0.754555 0.245445
3.370000 0.754622 0.245378
3.371667 0.754690 0.245310
3.373333 0.754758 0.245242
3.375000 0.754825 0.245175
3.376667 0.754893 0.245107
3.378333 0.754960 0.245040
3.380000 0.755028 0.244972
3.381667 0.755095 0.244905
3.383333 0.755162 0.244838
3.385000 0.755229 0.244771
3.386667 0.755297 0.244703
3.388333 0.755364 0.244636
3.390000 0.755431 0.244569
3.391667 0.755498 0.244502
3.393333 0.755565 0.244435
3.395000 0.755632 0.244368
3.396667 0.755699 0.244301
3.398333 0.755765 0.244235
3.400000 0.755832 0.244168
3.401667 0.755899 0.244101
3.403333 0.755966 0.244034
3.405000 0.756032 0.243968
3.406667 0.756099 0.243901
3.408333 0.756165 0.243835
3.410000 0.756232 0.243768
3.411667 0.756298 0.243702
3.413333 0.756364 0.243636
3.415000 0.756431 0.243569
3.416667 0.756497 0.243503
3.418333 0.756563 0.243437
3.420000 0.756629 0.243371
3.421667 0.756695 0.243305
3.423333 0.756761 0.243239
3.425000 0.756827 0.243173
3.426667 0.756893 0.243107
3.428333 0.756959 0.243041
3.430000 0.757025 0.242975
3.431667 0.757091 0.242909
3.433333 0.757156 0.242844
3.435000 0.757222 0.242778
3.436667 0.757288 0.242712
3.438333 0.757353 0.242647
3.440000 0.757419 0.242581
3.441667 0.757484 0.242516
3.443333 0.757550 0.242450
3.445000 0.757615 0.242385
3.446667 0.757680 0.242320
3.448333 0.757745 0.242255
3.450000 0.757811 0.242189
3.451667 0.757876 0.242124
3.453333 0.757941 0.242059
3.455000 0.758006 0.241994
3.456667 0.758071 0.241929
3.458333 0.758136 0.241864
3.460000 0.758201 0.241799
3.461667 0.758266 0.241734
3.463333 0.758330 0.241670
3.465000 0.758395 0.241605
3.466667 0.758460 0.241540
3.468333 0.758525 0.241475
3.470000 0.758589 0.241411
3.471667 0.758654 0.241346
3.473333 0.758718 0.241282
3.475000 0.758783 0.241217
3.476667 0.758847 0.241153
3.478333 0.758911 0.241089
3.480000 0.758976 0.241024
3.481667 0.759040 0.240960
3.483333 0.759104 0.240896
3.485000 0.759168 0.240832
3.486667 0.759232 0.240768
3.488333 0.759296 0.240704
3.490000 0.759360 0.240640
3.491667 0.759424 0.240576
3.493333 0.759488 0.240512
3.495000 0.759552 0.240448
3.496667 0.759616 0.240384
3.498333 0.759680 0.240320
3.500000 0.759743 0.240257
3.501667 0.759807 0.240193
3.503333 0.759871 0.240129
3.505000 0.759934 0.240066
3.506667 0.759998 0.240002
3.508333 0.760061 0.239939
3.510000 0.760125 0.239875
3.511667 0.760188 0.239812
3.513333 0.760251 0.239749
3.515000 0.760315 0.239685
3.516667 0.760378 0.239622
3.518333 0.760441 0.239559
3.520000 0.760504 0.239496
3.521667 0.760567 0.239433
3.523333 0.760630 0.239370
3.525000 0.760693 0.239307
3.526667 0.760756 0.239244
3.528333 0.760819 0.239181
3.530000 0.760882 0.239118
3.531667 0.760944 0.239056
3.533333 0.761007 0.238993
3.535000 0.761070 0.238930
3.536667 0.761133 0.238867
3.538333 0.761195 0.238805
3.540000 0.761258 0.238742
3.541667 0.761320 0.238680
3.543333 0.761383 0.238617
3.545000 0.761445 0.238555
3.546667 0.761507 0.238493
3.548333 0.761570 0.238430
3.550000 0.761632 0.238368
3.551667 0.761694 0.238306
3.553333 0.761756 0.238244
3.555000 0.761818 0.238182
3.556667 0.761881 0.238119
3.558333 0.761943 0.238057
3.560000 0.762005 0.237995
3.561667 0.762066 0.237934
3.563333 0.762128 0.237872
3.565000 0.762190 0.237810
3.566667 0.762252 0.237748
3.568333 0.762314 0.237686
3.570000 0.762375 0.237625
3.571667 0.762437 0.237563
3.573333 0.762499 0.237501
3.575000 0.762560 0.237440
3.576667 0.762622 0.237378
3.578333 0.762683 0.237317
3.580000 0.762745 0.237255
3.581667 0.762806 0.237194
3.583333 0.762867 0.237133
3.585000 0.762929 0.237071
3.586667 0.762990 0.237010
3.588333 0.763051 0.236949
3.590000 0.763112 0.236888
3.591667 0.763173 0.236827
3.593333 0.763234 0.236766
3.595000 0.763295 0.236705
3.596667 0.763356 0.236644
3.598333 0.763417 0.236583
3.600000 0.763478 0.236522
3.601667 0.763539 0.236461
3.603333 0.763600 0.236400
3.605000 0.763660 0.236340
3.606667 0.763721 0.236279
3.608333 0.763782 0.236218
3.610000 0.763842 0.236158
3.611667 0.763903 0.236097
3.613333 0.763963 0.236037
3.615000 0.764024 0.235976
3.616667 0.764084 0.235916
3.618333 0.764145 0.235855
3.620000 0.764205 0.235795
3.621667 0.764265 0.235735
3.623333 0.764325 0.235675
3.625000 0.764386 0.235614
3.626667 0.764446 0.235554
3.628333 0.764506 0.235494
3.630000 0.764566 0.235434
3.631667 0.764626 0.235374
3.633333 0.764686 0.235314
3.635000 0.764746 0.235254
3.636667 0.764806 0.235194
3.638333 0.764865 0.235135
3.640000 0.764925 0.235075
3.641667 0.764985 0.235015
3.643333 0.765045 0.234955
3.645000 0.765104 0.234896
3.646667 0.765164 0.234836
3.648333 0.765224 0.234776
3.650000 0.765283 0.234717
3.651667 0.765343 0.234657
3.653333 0.765402 0.234598
3.655000 0.765461 0.234539
3.656667 0.765521 0.234479
3.658333 0.765580 0.234420
3.660000 0.765639 0.234361
3.661667 0.765698 0.234302
3.663333 0.765758 0.234242
3.665000 0.765817 0.234183
3.666667 0.765876 0.234124
3.668333 0.765935 0.234065
3.670000 0.765994 0.234006
3.671667 0.766053 0.233947
3.673333 0.766112 0.233888
3.675000 0.766171 0.233829
3.676667 0.766229 0.233771
3.678333 0.766288 0.233712
3.680000 0.766347 0.233653
3.681667 0.766406 0.233594
3.683333 0.766464 0.233536
3.685000 0.766523 0.233477
3.686667 0.766582 0.233418
3.688333 0.766640 0.233360
3.690000 0.766699 0.233301
3.691667 0.766757 0.233243
3.693333 0.766815 0.233185
3.695000 0.766874 0.233126
3.696667 0.766932 0.233068
3.698333 0.766990 0.233010
3.700000 0.767049 0.232951
3.701667 0.767107 0.232893
3.703333 0.767165 0.232835
3.705000 0.767223 0.232777
3.706667 0.767281 0.232719
3.708333 0.767339 0.232661
3.710000 0.767397 0.232603
3.711667 0.767455 0.232545
3.713333 0.767513 0.232487
3.715000 0.767571 0.232429
3.716667 0.767629 0.232371
3.718333 0.767686 0.232314
3.720000 0.767744 0.232256
3.721667 0.767802 0.232198
3.723333 0.767859 0.232141
3.725000 0.767917 0.232083
3.726667 0.767974 0.232026
3.728333 0.768032 0.231968
3.730000 0.768089 0.231911
3.731667 0.768147 0.231853
3.733333 0.768204 0.231796
3.735000 0.768262 0.231738
3.736667 0.768319 0.231681
3.738333 0.768376 0.231624
3.740000 0.768433 0.231567
3.741667 0.768491 0.231509
3.743333 0.768548 0.231452
3.745000 0.768605 0.231395
3.746667 0.768662 0.231338
3.748333 0.768719 0.231281
3.750000 0.768776 0.231224
3.751667 0.768833 0.231167
3.753333 0.768890 0.231110
3.755000 0.768947 0.231053
3.756667 0.769003 0.230997
3.758333 0.769060 0.230940
3.760000 0.769117 0.230883
3.761667 0.769174 0.230826
3.763333 0.769230 0.230770
3.765000 0.769287 0.230713
3.766667 0.769343 0.230657
3.768333 0.769400 0.230600
3.770000 0.769456 0.230544
3.771667 0.769513 0.230487
3.773333 0.769569 0.230431
3.775000 0.769626 0.230374
3.776667 0.769682 0.230318
3.778333 0.769738 0.230262
3.780000 0.769795 0.230205
3.781667 0.769851 0.230149
3.783333 0.769907 0.230093
3.785000 0.769963 0.230037
3.786667 0.770019 0.229981
3.788333 0.770075 0.229925
3.790000 0.770131 0.229869
3.791667 0.770187 0.229813
3.793333 0.770243 0.229757
3.795000 0.770299 0.229701
3.796667 0.770355 0.229645
3.798333 0.770411 0.229589
3.800000 0.770466 0.229534
3.801667 0.770522 0.229478
3.803333 0.770578 0.229422
3.805000 0.770634 0.229366
3.806667 0.770689 0.229311
3.808333 0.770745 0.229255
3.810000 0.770800 0.229200
3.811667 0.770856 0.229144
3.813333 0.770911 0.229089
3.815000 0.770967 0.229033
3.816667 0.771022 0.228978
3.818333 0.771077 0.228923
3.820000 0.771133 0.228867
3.821667 0.771188 0.228812
3.823333 0.771243 0.228757
3.825000 0.771298 0.228702
3.826667 0.771353 0.228647
3.828333 0.771409 0.228591
3.830000 0.771464 0.228536
3.831667 0.771519 0.228481
3.833333 0.771574 0.228426
3.835000 0.771629 0.228371
3.836667 0.771684 0.228316
3.838333 0.771738 0.228262
3.840000 0.771793 0.228207
3.841667 0.771848 0.228152
3.843333 0.771903 0.228097
3.845000 0.771958 0.228042
3.846667 0.772012 0.227988
3.848333 0.772067 0.227933
3.850000 0.772121 0.227879
3.851667 0.772176 0.227824
3.853333 0.772231 0.227769
3.855000 0.772285 0.227715
3.856667 0.772340 0.227660
3.858333 0.772394 0.227606
3.860000 0.772448 0.227552
3.861667 0.772503 0.227497
3.863333 0.772557 0.227443
3.865000 0.772611 0.227389
3.866667 0.772665 0.227335
3.868333 0.772720 0.227280
3.870000 0.772774 0.227226
3.871667 0.772828 0.227172
3.873333 0.772882 0.227118
3.875000 0.772936 0.227064
3.876667 0.772990 0.227010
3.878333 0.773044 0.226956
3.880000 0.773098 0.226902
3.881667 0.773152 0.226848
3.883333 0.773206 0.226794
3.885000 0.773259 0.226741
3.886667 0.773313 0.226687
3.888333 0.773367 0.226633
3.890000 0.773421 0.226579
3.891667 0.773474 0.226526
3.893333 0.773528 0.226472
3.895000 0.773582 0.226418
3.896667 0.773635 0.226365
3.898333 0.773689 0.226311
3.900000 0.773742 0.226258
3.901667 0.773796 0.226204
3.903333 0.773849 0.226151
3.905000 0.773902 0.226098
3.906667 0.773956 0.226044
3.908333 0.774009 0.225991
3.910000 0.774062 0.225938
3.911667 0.774115 0.225885
3.913333 0.774169 0.225831
3.915000 0.774222 0.225778
3.916667 0.774275 0.225725
3.918333 0.774328 0.225672
3.920000 0.774381 0.225619
3.921667 0.774434 0.225566
3.923333 0.774487 0.225513
3.925000 0.774540 0.225460
3.926667 0.774593 0.225407
3.928333 0.774646 0.225354
3.930000 0.774699 0.225301
3.931667 0.774751 0.225249
3.933333 0.774804 0.225196
3.935000 0.774857 0.225143
3.936667 0.774909 0.225091
3.938333 0.774962 0.225038
3.940000 0.775015 0.224985
3.941667 0.775067 0.224933
3.943333 0.775120 0.224880
3.945000 0.775172 0.224828
3.946667 0.775225 0.224775
3.948333 0.775277 0.224723
3.950000 0.775330 0.224670
3.951667 0.775382 0.224618
3.953333 0.775434 0.224566
3.955000 0.775487 0.224513
3.956667 0.775539 0.224461
3.958333 0.775591 0.224409
3.960000 0.775643 0.224357
3.961667 0.775695 0.224305
3.963333 0.775747 0.224253
3.965000 0.775799 0.224201
3.966667 0.775852 0.224148
3.968333 0.775904 0.224096
3.970000 0.775955 0.224045
3.971667 0.776007 0.223993
3.973333 0.776059 0.223941
3.975000 0.776111 0.223889
3.976667 0.776163 0.223837
3.978333 0.776215 0.223785
3.980000 0.776267 0.223733
3.981667 0.776318 0.223682
3.983333 0.776370 0.223630
3.985000 0.776422 0.223578
3.986667 0.776473 0.223527
3.988333 0.776525 0.223475
3.990000 0.776576 0.223424
3.991667 0.776628 0.223372
3.993333 0.776679 0.223321
3.995000 0.776731 0.223269
3.996667 0.776782 0.223218
3.998333 0.776834 0.223166
4.000000 0.776885 0.223115
4.001667 0.776936 0.223064
4.003333 0.776987 0.223013
4.005000 0.777039 0.222961
4.006667 0.777090 0.222910
4.008333 0.777141 0.222859
4.010000 0.777192 0.222808
4.011667 0.777243 0.222757
4.013333 0.777294 0.222706
4.015000 0.777345 0.222655
4.016667 0.777396 0.222604
4.018333 0.777447 0.222553
4.020000 0.777498 0.222502
4.021667 0.777549 0.222451
4.023333 0.777600 0.222400
4.025000 0.777651 0.222349
4.026667 0.777702 0.222298
4.028333 0.777752 0.222248
4.030000 0.777803 0.222197
4.031667 0.777854 0.222146
4.033333 0.777904 0.222096
4.035000 0.777955 0.222045
4.036667 0.778006 0.221994
4.038333 0.778056 0.221944
4.040000 0.778107 0.221893
4.041667 0.778157 0.221843
4.043333 0.778208 0.221792
4.045000 0.778258 0.221742
4.046667 0.778308 0.221692
4.048333 0.778359 0.221641
4.050000 0.778409 0.221591
4.051667 0.778459 0.221541
4.053333 0.778510 0.221490
4.055000 0.778560 0.221440
4.056667 0.778610 0.221390
4.058333 0.778660 0.221340
4.060000 0.778710 0.221290
4.061667 0.778760 0.221240
4.063333 0.778811 0.221189
4.065000 0.778861 0.221139
4.066667 0.778911 0.221089
4.068333 0.778960 0.221040
4.070000 0.779010 0.220990
4.071667 0.779060 0.220940
4.073333 0.779110 0.220890
4.075000 0.779160 0.220840
4.076667 0.779210 0.220790
4.078333 0.779259 0.220741
4.080000 0.779309 0.220691
4.081667 0.779359 0.220641
4.083333 0.779409 0.220591
4.085000 0.779458 0.220542
4.086667 0.779508 0.220492
4.088333 0.779557 0.220443
4.090000 0.779607 0.220393
4.091667 0.779656 0.220344
4.093333 0.779706 0.220294
4.095000 0.779755 0.220245
4.096667 0.779805 0.220195
4.098333 0.779854 0.220146
4.100000 0.779903 0.220097
4.101667 0.779953 0.220047
4.103333 0.780002 0.219998
4.105000 0.780051 0.219949
4.106667 0.780100 0.219900
4.108333 0.780150 0.219850
4.110000 0.780199 0.219801
4.111667 0.780248 0.219752
4.113333 0.780297 0.219703
4.115000 0.780346 0.219654
4.116667 0.780395 0.219605
4.118333 0.780444 0.219556
4.120000 0.780493 0.219507
4.121667 0.780542 0.219458
4.123333 0.780591 0.219409
4.125000 0.780639 0.219361
4.126667 0.780688 0.219312
4.128333 0.780737 0.219263
4.130000 0.780786 0.219214
4.131667 0.780835 0.219165
4.133333 0.780883 0.219117
4.135000 0.780932 0.219068
4.136667 0.780981 0.219019
4.138333 0.781029 0.218971
4.140000 0.781078 0.218922
4.141667 0.781126 0.218874
4.143333 0.781175 0.218825
4.145000 0.781223 0.218777
4.146667 0.781272 0.218728
4.148333 0.781320 0.218680
4.150000 0.781368 0.218632
4.151667 0.781417 0.218583
4.153333 0.781465 0.218535
4.155000 0.781513 0.218487
4.156667 0.781562 0.218438
4.158333 0.781610 0.218390
4.160000 0.781658 0.218342
4.161667 0.781706 0.218294
4.163333 0.781754 0.218246
4.165000 0.781802 0.218198
4.166667 0.781850 0.218150
4.168333 0.781899 0.218101
4.170000 0.781947 0.218053
4.171667 0.781995 0.218005
4.173333 0.782042 0.217958
4.175000 0.782090 0.217910
4.176667 0.782138 0.217862
4.178333 0.782186 0.217814
4.180000 0.782234 0.217766
4.181667 0.782282 0.217718
4.183333 0.782329 0.217671
4.185000 0.782377 0.217623
4.186667 0.782425 0.217575
4.188333 0.782473 0.217527
4.190000 0.782520 0.217480
4.191667 0.782568 0.217432
4.193333 0.782615 0.217385
4.195000 0.782663 0.217337
4.196667 0.782710 0.217290
4.198333 0.782758 0.217242
4.200000 0.782805 0.217195
4.201667 0.782853 0.217147
4.203333 0.782900 0.217100
4.205000 0.782948 0.217052
4.206667 0.782995 0.217005
4.208333 0.783042 0.216958
4.210000 0.783089 0.216911
4.211667 0.783137 0.216863
4.213333 0.783184 0.216816
4.215000 0.783231 0.216769
4.216667 0.783278 0.216722
4.218333 0.783325 0.216675
4.220000 0.783372 0.216628
4.221667 0.783419 0.216581
4.223333 0.783466 0.216534
4.225000 0.783513 0.216487
4.226667 0.783560 0.216440
4.228333 0.783607 0.216393
4.230000 0.783654 0.216346
4.231667 0.783701 0.216299
4.233333 0.783748 0.216252
4.235000 0.783795 0.216205
4.236667 0.783842 0.216158
4.238333 0.783888 0.216112
4.240000 0.783935 0.216065
4.241667 0.783982 0.216018
4.243333 0.784029 0.215971
4.245000 0.784075 0.215925
4.246667 0.784122 0.215878
4.248333 0.784168 0.215832
4.250000 0.784215 0.215785
4.251667 0.784261 0.215739
4.253333 0.784308 0.215692
4.255000 0.784354 0.215646
4.256667 0.784401 0.215599
4.258333 0.784447 0.215553
4.260000 0.784494 0.215506
4.261667 0.784540 0.215460
4.263333 0.784586 0.215414
4.265000 0.784633 0.215367
4.266667 0.784679 0.215321
4.268333 0.784725 0.215275
4.270000 0.784771 0.215229
4.271667 0.784817 0.215183
4.273333 0.784864 0.215136
4.275000 0.784910 0.215090
4.276667 0.784956 0.215044
4.278333 0.785002 0.214998
4.280000 0.785048 0.214952
4.281667 0.785094 0.214906
4.283333 0.785140 0.214860
4.285000 0.785186 0.214814
4.286667 0.785232 0.214768
4.288333 0.785278 0.214722
4.290000 0.785323 0.214677
4.291667 0.785369 0.214631
4.293333 0.785415 0.214585
4.295000 0.785461 0.214539
4.296667 0.785507 0.214493
4.298333 0.785552 0.214448
4.300000 0.785598 0.214402
4.301667 0.785644 0.214356
4.303333 0.785689 0.214311
4.305000 0.785735 0.214265
4.306667 0.785780 0.214220
4.308333 0.785826 0.214174
4.310000 0.785872 0.214128
4.311667 0.785917 0.214083
4.313333 0.785962 0.214038
4.315000 0.786008 0.213992
4.316667 0.786053 0.213947
4.318333 0.786099 0.213901
4.320000 0.786144 0.213856
4.321667 0.786189 0.213811
4.323333 0.786235 0.213765
4.325000 0.786280 0.213720
4.326667 0.786325 0.213675
4.328333 0.786370 0.213630
4.330000 0.786415 0.213585
4.331667 0.786461 0.213539
4.333333 0.786506 0.213494
4.335000 0.786551 0.213449
4.336667 0.786596 0.213404
4.338333 0.786641 0.213359
4.340000 0.786686 0.213314
4.341667 0.786731 0.213269
4.343333 0.786776 0.213224
4.345000 0.786821 0.213179
4.346667 0.786866 0.213134
4.348333 0.786911 0.213089
4.350000 0.786955 0.213045
4.351667 0.787000 0.213000
4.353333 0.787045 0.212955
4.355000 0.787090 0.212910
4.356667 0.787135 0.212865
4.358333 0.787179 0.212821
4.360000 0.787224 0.212776
4.361667 0.787269 0.212731
4.363333 0.787313 0.212687
4.365000 0.787358 0.212642
4.366667 0.787402 0.212598
4.368333 0.787447 0.212553
4.370000 0.787491 0.212509
4.371667 0.787536 0.212464
4.373333 0.787580 0.212420
4.375000 0.787625 0.212375
4.376667 0.787669 0.212331
4.378333 0.787714 0.212286
4.380000 0.787758 0.212242
4.381667 0.787802 0.212198
4.383333 0.787846 0.212154
4.385000 0.787891 0.212109
4.386667 0.787935 0.212065
4.388333 0.787979 0.212021
4.390000 0.788023 0.211977
4.391667 0.788068 0.211932
4.393333 0.788112 0.211888
4.395000 0.788156 0.211844
4.396667 0.788200 0.211800
4.398333 0.788244 0.211756
4.400000 0.788288 0.211712
4.401667 0.788332 0.211668
4.403333 0.788376 0.211624
4.405000 0.788420 0.211580
4.406667 0.788464 0.211536
4.408333 0.788508 0.211492
4.410000 0.788552 0.211448
4.411667 0.788595 0.211405
4.413333 0.788639 0.211361
4.415000 0.788683 0.211317
4.416667 0.788727 0.211273
4.418333 0.788770 0.211230
4.420000 0.788814 0.211186
4.421667 0.788858 0.211142
4.423333 0.788901 0.211099
4.425000 0.788945 0.211055
4.426667 0.788989 0.211011
4.428333 0.789032 0.210968
4.430000 0.789076 0.210924
4.431667 0.789119 0.210881
4.433333 0.789163 0.210837
4.435000 0.789206 0.210794
4.436667 0.789250 0.210750
4.438333 0.789293 0.210707
4.440000 0.789337 0.210663
4.441667 0.789380 0.210620
4.443333 0.789423 0.210577
4.445000 0.789467 0.210533
4.446667 0.789510 0.210490
4.448333 0.789553 0.210447
4.450000 0.789596 0.210404
4.451667 0.789639 0.210361
4.453333 0.789683 0.210317
4.455000 0.789726 0.210274
4.456667 0.789769 0.210231
4.458333 0.789812 0.210188
4.460000 0.789855 0.210145
4.461667 0.789898 0.210102
4.463333 0.789941 0.210059
4.465000 0.789984 0.210016
4.466667 0.790027 0.209973
4.468333 0.790070 0.209930
4.470000 0.790113 0.209887
4.471667 0.790156 0.209844
4.473333 0.790199 0.209801
4.475000 0.790242 0.209758
4.476667 0.790284 0.209716
4.478333 0.790327 0.209673
4.480000 0.790370 0.209630
4.481667 0.790413 0.209587
4.483333 0.790455 0.209545
4.485000 0.790498 0.209502
4.486667 0.790541 0.209459
4.488333 0.790583 0.209417
4.490000 0.790626 0.209374
4.491667 0.790669 0.209331
4.493333 0.790711 0.209289
4.495000 0.790754 0.209246
4.496667 0.790796 0.209204
4.498333 0.790839 0.209161
4.500000 0.790881 0.209119
4.501667 0.790924 0.209076
4.503333 0.790966 0.209034
4.505000 0.791008 0.208992
4.506667 0.791051 0.208949
4.508333 0.791093 0.208907
4.510000 0.791135 0.208865
4.511667 0.791178 0.208822
4.513333 0.791220 0.208780
4.515000 0.791262 0.208738
4.516667 0.791304 0.208696
4.518333 0.791347 0.208653
4.520000 0.791389 0.208611
4.521667 0.791431 0.208569
4.523333 0.791473 0.208527
4.525000 0.791515 0.208485
4.526667 0.791557 0.208443
4.528333 0.791599 0.208401
4.530000 0.791641 0.208359
4.531667 0.791683 0.208317
4.533333 0.791725 0.208275
4.535000 0.791767 0.208233
4.536667 0.791809 0.208191
4.538333 0.791851 0.208149
4.540000 0.791893 0.208107
4.541667 0.791934 0.208066
4.543333 0.791976 0.208024
4.545000 0.792018 0.207982
4.546667 0.792060 0.207940
4.548333 0.792102 0.207898
4.550000 0.792143 0.207857
4.551667 0.792185 0.207815
4.553333 0.792227 0.207773
4.555000 0.792268 0.207732
4.556667 0.792310 0.207690
4.558333 0.792351 0.207649
4.560000 0.792393 0.207607
4.561667 0.792435 0.207565
4.563333 0.792476 0.207524
4.565000 0.792518 0.207482
4.566667 0.792559 0.207441
4.568333 0.792600 0.207400
4.570000 0.792642 0.207358
4.571667 0.792683 0.207317
4.573333 0.792725 0.207275
4.575000 0.792766 0.207234
4.576667 0.792807 0.207193
4.578333 0.792849 0.207151
4.580000 0.792890 0.207110
4.581667 0.792931 0.207069
4.583333 0.792972 0.207028
4.585000 0.793014 0.206986
4.586667 0.793055 0.206945
4.588333 0.793096 0.206904
4.590000 0.793137 0.206863
4.591667 0.793178 0.206822
4.593333 0.793219 0.206781
4.595000 0.793260 0.206740
4.596667 0.793301 0.206699
4.598333 0.793342 0.206658
4.600000 0.793383 0.206617
4.601667 0.793424 0.206576
4.603333 0.793465 0.206535
4.605000 0.793506 0.206494
4.606667 0.793547 0.206453
4.608333 0.793588 0.206412
4.610000 0.793629 0.206371
4.611667 0.793670 0.206330
4.613333 0.793710 0.206290
4.615000 0.793751 0.206249
4.616667 0.793792 0.206208
4.618333 0.793833 0.206167
4.620000 0.793873 0.206127
4.621667 0.793914 0.206086
4.623333 0.793955 0.206045
4.625000 0.793995 0.206005
4.626667 0.794036 0.205964
4.628333 0.794076 0.205924
4.630000 0.794117 0.205883
4.631667 0.794157 0.205843
4.633333 0.794198 0.205802
4.635000 0.794238 0.205762
4.636667 0.794279 0.205721
4.638333 0.794319 0.205681
4.640000 0.794360 0.205640
4.641667 0.794400 0.205600
4.643333 0.794441 0.205559
4.645000 0.794481 0.205519
4.646667 0.794521 0.205479
4.648333 0.794562 0.205438
4.650000 0.794602 0.205398
4.651667 0.794642 0.205358
4.653333 0.794682 0.205318
4.655000 0.794722 0.205278
4.656667 0.794763 0.205237
4.658333 0.794803 0.205197
4.660000 0.794843 0.205157
4.661667 0.794883 0.205117
4.663333 0.794923 0.205077
4.665000 0.794963 0.205037
4.666667 0.795003 0.204997
4.668333 0.795043 0.204957
4.670000 0.795083 0.204917
4.671667 0.795123 0.204877
4.673333 0.795163 0.204837
4.675000 0.795203 0.204797
4.676667 0.795243 0.204757
4.678333 0.795283 0.204717
4.680000 0.795323 0.204677
4.681667 0.795363 0.204637
4.683333 0.795402 0.204598
4.685000 0.795442 0.204558
4.686667 0.795482 0.204518
4.688333 0.795522 0.204478
4.690000 0.795562 0.204438
4.691667 0.795601 0.204399
4.693333 0.795641 0.204359
4.695000 0.795681 0.204319
4.696667 0.795720 0.204280
4.698333 0.795760 0.204240
4.700000 0.795799 0.204201
4.701667 0.795839 0.204161
4.703333 0.795879 0.204121
4.705000 0.795918 0.204082
4.706667 0.795958 0.204042
4.708333 0.795997 0.204003
4.710000 0.796036 0.203964
4.711667 0.796076 0.203924
4.713333 0.796115 0.203885
4.715000 0.796155 0.203845
4.716667 0.796194 0.203806
4.718333 0.796233 0.203767
4.720000 0.796273 0.203727
4.721667 0.796312 0.203688
4.723333 0.796351 0.203649
4.725000 0.796391 0.203609
4.726667 0.796430 0.203570
4.728333 0.796469 0.203531
4.730000 0.796508 0.203492
4.731667 0.796547 0.203453
4.733333 0.796586 0.203414
4.735000 0.796626 0.203374
4.736667 0.796665 0.203335
4.738333 0.796704 0.203296
4.740000 0.796743 0.203257
4.741667 0.796782 0.203218
4.743333 0.796821 0.203179
4.745000 0.796860 0.203140
4.746667 0.796899 0.203101
4.748333 0.796938 0.203062
4.750000 0.796977 0.203023
4.751667 0.797016 0.202984
4.753333 0.797054 0.202946
4.755000 0.797093 0.202907
4.756667 0.797132 0.202868
4.758333 0.797171 0.202829
4.760000 0.797210 0.202790
4.761667 0.797249 0.202751
4.763333 0.797287 0.202713
4.765000 0.797326 0.202674
4.766667 0.797365 0.202635
4.768333 0.797403 0.202597
4.770000 0.797442 0.202558
4.771667 0.797481 0.202519
4.773333 0.797519 0.202481
4.775000 0.797558 0.202442
4.776667 0.797596 0.202404
4.778333 0.797635 0.202365
4.780000 0.797674 0.202326
4.781667 0.797712 0.202288
4.783333 0.797751 0.202249
4.785000 0.797789 0.202211
4.786667 0.797827 0.202173
4.788333 0.797866 0.202134
4.790000 0.797904 0.202096
4.791667 0.797943 0.202057
4.793333 0.797981 0.202019
4.795000 0.798019 0.201981
4.796667 0.798058 0.201942
4.798333 0.798096 0.201904
4.800000 0.798134 0.201866
4.801667 0.798173 0.201827
4.803333 0.798211 0.201789
4.805000 0.798249 0.201751
4.806667 0.798287 0.201713
4.808333 0.798325 0.201675
4.810000 0.798363 0.201637
4.811667 0.798402 0.201598
4.813333 0.798440 0.201560
4.815000 0.798478 0.201522
4.816667 0.798516 0.201484
4.818333 0.798554 0.201446
4.820000 0.798592 0.201408
4.821667 0.798630 0.201370
4.823333 0.798668 0.201332
4.825000 0.798706 0.201294
4.826667 0.798744 0.201256
4.828333 0.798782 0.201218
4.830000 0.798820 0.201180
4.831667 0.798857 0.201143
4.833333 0.798895 0.201105
4.835000 0.798933 0.201067
4.836667 0.798971 0.201029
4.838333 0.799009 0.200991
4.840000 0.799046 0.200954
4.841667 0.799084 0.200916
4.843333 0.799122 0.200878
4.845000 0.799160 0.200840
4.846667 0.799197 0.200803
4.848333 0.799235 0.200765
4.850000 0.799273 0.200727
4.851667 0.799310 0.200690
4.853333 0.799348 0.200652
4.855000 0.799385 0.200615
4.856667 0.799423 0.200577
4.858333 0.799461 0.200539
4.860000 0.799498 0.200502
4.861667 0.799536 0.200464
4.863333 0.799573 0.200427
4.865000 0.799610 0.200390
4.866667 0.799648 0.200352
4.868333 0.799685 0.200315
4.870000 0.799723 0.200277
4.871667 0.799760 0.200240
4.873333 0.799797 0.200203
4.875000 0.799835 0.200165
4.876667 0.799872 0.200128
4.878333 0.799909 0.200091
4.880000 0.799947 0.200053
4.881667 0.799984 0.200016
4.883333 0.800021 0.199979
4.885000 0.800058 0.199942
4.886667 0.800095 0.199905
4.888333 0.800133 0.199867
4.890000 0.800170 0.199830
4.891667 0.800207 0.199793
4.893333 0.800244 0.199756
4.895000 0.800281 0.199719
4.896667 0.800318 0.199682
4.898333 0.800355 0.199645
4.900000 0.800392 0.199608
4.901667 0.800429 0.199571
4.903333 0.800466 0.199534
4.905000 0.800503 0.199497
4.906667 0.800540 0.199460
4.908333 0.800577 0.199423
4.910000 0.800614 0.199386
4.911667 0.800651 0.199349
4.913333 0.800688 0.199312
4.915000 0.800725 0.199275
4.916667 0.800761 0.199239
4.918333 0.800798 0.199202
4.920000 0.800835 0.199165
4.921667 0.800872 0.199128
4.923333 0.800909 0.199091
4.925000 0.800945 0.199055
4.926667 0.800982 0.199018
4.928333 0.801019 0.198981
4.930000 0.801055 0.198945
4.931667 0.801092 0.198908
4.933333 0.801129 0.198871
4.935000 0.801165 0.198835
4.936667 0.801202 0.198798
4.938333 0.801238 0.198762
4.940000 0.801275 0.198725
4.941667 0.801311 0.198689
4.943333 0.801348 0.198652
4.945000 0.801384 0.198616
4.946667 0.801421 0.198579
4.948333 0.801457 0.198543
4.950000 0.801494 0.198506
4.951667 0.801530 0.198470
4.953333 0.801567 0.198433
4.955000 0.801603 0.198397
4.956667 0.801639 0.198361
4.958333 0.801676 0.198324
4.960000 0.801712 0.198288
4.961667 0.801748 0.198252
4.963333 0.801784 0.198216
4.965000 0.801821 0.198179
4.966667 0.801857 0.198143
4.968333 0.801893 0.198107
4.970000 0.801929 0.198071
4.971667 0.801965 0.198035
4.973333 0.802002 0.197998
4.975000 0.802038 0.197962
4.976667 0.802074 0.197926
4.978333 0.802110 0.197890
4.980000 0.802146 0.197854
4.981667 0.802182 0.197818
4.983333 0.802218 0.197782
4.985000 0.802254 0.197746
4.986667 0.802290 0.197710
4.988333 0.802326 0.197674
4.990000 0.802362 0.197638
4.991667 0.802398 0.197602
4.993333 0.802434 0.197566
4.995000 0.802470 0.197530
4.996667 0.802506 0.197494
4.998333 0.802542 0.197458
5.000000 0.802577 0.197423
