0.000000 4.000000 0.000000
0.016667 3.999999 0.000000
0.033333 3.999998 0.000002
0.050000 3.999997 0.000002
0.066667 3.999997 0.000003
0.083333 3.999995 0.000003
0.100000 3.999995 0.000005
0.116667 3.999994 0.000005
0.133333 3.999993 0.000007
0.150000 3.999992 0.000007
0.166667 3.999992 0.000008
0.183333 3.999990 0.000008
0.200000 3.999990 0.000010
0.216667 3.999989 0.000010
0.233333 3.999988 0.000012
0.250000 3.999987 0.000012
0.266667 3.999987 0.000013
0.283333 3.999985 0.000013
0.300000 3.999985 0.000015
0.316667 3.999984 0.000015
0.333333 3.999983 0.000017
0.350000 3.999982 0.000017
0.366667 3.999982 0.000019
0.383333 3.999980 0.000018
0.400000 3.999980 0.000020
0.416667 3.999979 0.000020
0.433333 3.999978 0.000022
0.450000 3.999977 0.000022
0.466667 3.999977 0.000024
0.483333 3.999975 0.000023
0.500000 3.999975 0.000025
0.516667 3.999974 0.000025
0.533333 3.999973 0.000027
0.550000 3.999972 0.000027
0.566667 3.999972 0.000029
0.583333 3.999970 0.000028
0.600000 3.999970 0.000030
0.616667 3.999969 0.000030
0.633333 3.999968 0.000032
0.650000 3.999967 0.000032
0.666667 3.999967 0.000034
0.683333 3.999965 0.000033
0.700000 3.999965 0.000035
0.716667 3.999964 0.000035
0.733333 3.999963 0.000037
0.750000 3.999962 0.000037
0.766667 3.999961 0.000039
0.783333 3.999960 0.000038
0.800000 3.999960 0.000040
0.816667 3.999959 0.000040
0.833333 3.999958 0.000042
0.850000 3.999957 0.000042
0.866667 3.999956 0.000044
0.883333 3.999955 0.000043
0.900000 3.999955 0.000045
0.916667 3.999954 0.000045
0.933333 3.999953 0.000047
0.950000 3.999952 0.000047
0.966667 3.999951 0.000049
0.983333 3.999950 0.000048
1.000000 3.999950 0.000051
1.016667 3.999948 0.000050
1.033333 3.999948 0.000052
1.050000 3.999947 0.000052
1.066667 3.999946 0.000054
1.083333 3.999945 0.000053
1.100000 3.999945 0.000056
1.116667 3.999943 0.000055
1.133333 3.999943 0.000057
1.150000 3.999942 0.000057
1.166667 3.999941 0.000059
1.183333 3.999940 0.000058
1.200000 3.999940 0.000061
1.216667 3.999938 0.000060
1.233333 3.999938 0.000062
1.250000 3.999937 0.000062
1.266667 3.999936 0.000064
1.283333 3.999935 0.000063
1.300000 3.999935 0.000066
1.316667 3.999933 0.000065
1.333333 3.999933 0.000067
1.350000 3.999932 0.000067
1.366667 3.999931 0.000069
1.383333 3.999930 0.000068
1.400000 3.999930 0.000071
1.416667 3.999928 0.000070
1.433333 3.999928 0.000072
1.450000 3.999927 0.000072
1.466667 3.999926 0.000074
1.483333 3.999925 0.000073
1.500000 3.999925 0.000076
1.516667 3.999923 0.000075
1.533333 3.999923 0.000077
1.550000 3.999922 0.000077
1.566667 3.999921 0.000079
1.583333 3.999920 0.000078
1.600000 3.999920 0.000081
1.616667 3.999918 0.000080
1.633333 3.999918 0.000083
1.650000 3.999917 0.000082
1.666667 3.999916 0.000084
1.683333 3.999915 0.000083
1.700000 3.999915 0.000086
1.716667 3.999913 0.000085
1.733333 3.999913 0.000088
1.750000 3.999912 0.000087
1.766667 3.999911 0.000089
1.783333 3.999910 0.000088
1.800000 3.999910 0.000091
1.816667 3.999908 0.000090
1.833333 3.999908 0.000093
1.850000 3.999906 0.000092
1.866667 3.999906 0.000094
1.883333 3.999905 0.000093
1.900000 3.999905 0.000096
1.916667 3.999903 0.000095
1.933333 3.999903 0.000098
1.950000 3.999901 0.000097
1.966667 3.999901 0.000099
1.983333 3.999900 0.000098
2.000000 3.999900 0.000101
2.016667 3.999898 0.000100
2.033333 3.999898 0.000103
2.050000 3.999896 0.000102
2.066667 3.999896 0.000104
2.083333 3.999895 0.000103
2.100000 3.999895 0.000106
2.116667 3.999893 0.000105
2.133333 3.999893 0.000108
2.150000 3.999891 0.000107
2.166667 3.999891 0.000110
2.183333 3.999890 0.000108
2.200000 3.999890 0.000111
2.216667 3.999888 0.000110
2.233333 3.999888 0.000113
2.250000 3.999886 0.000112
2.266667 3.999886 0.000115
2.283333 3.999885 0.000113
2.300000 3.999885 0.000116
2.316667 3.999883 0.000115
2.333333 3.999883 0.000118
2.350000 3.999881 0.000117
2.366667 3.999881 0.000120
2.383333 3.999880 0.000118
2.400000 3.999880 0.000121
2.416667 3.999878 0.000120
2.433333 3.999878 0.000123
2.450000 3.999876 0.000122
2.466667 3.999876 0.000125
2.483333 3.999875 0.000123
2.500000 3.999875 0.000126
2.516667 3.999873 0.000125
2.533333 3.999873 0.000128
2.550000 3.999871 0.000127
2.566667 3.999871 0.000130
2.583333 3.999869 0.000128
2.600000 3.999870 0.000132
2.616667 3.999868 0.000130
2.633333 3.999868 0.000133
2.650000 3.999866 0.000132
2.666667 3.999866 0.000135
2.683333 3.999864 0.000133
2.700000 3.999864 0.000137
2.716667 3.999863 0.000135
2.733333 3.999863 0.000138
2.750000 3.999861 0.000137
2.766667 3.999861 0.000140
2.783333 3.999859 0.000138
2.800000 3.999859 0.000142
2.816667 3.999858 0.000140
2.833333 3.999858 0.000143
2.850000 3.999856 0.000142
2.866667 3.999856 0.000145
2.883333 3.999854 0.000143
2.900000 3.999854 0.000147
2.916667 3.999853 0.000145
2.933333 3.999853 0.000148
2.950000 3.999851 0.000147
2.966667 3.999851 0.000150
2.983333 3.999849 0.000148
3.000000 3.999849 0.000152
3.016667 3.999848 0.000150
3.033333 3.999848 0.000154
3.050000 3.999846 0.000152
3.066667 3.999846 0.000155
3.083333 3.999844 0.000153
3.100000 3.999844 0.000157
3.116667 3.999843 0.000155
3.133333 3.999843 0.000159
3.150000 3.999841 0.000157
3.166667 3.999841 0.000160
3.183333 3.999839 0.000158
3.200000 3.999839 0.000162
3.216667 3.999837 0.000160
3.233333 3.999838 0.000164
3.250000 3.999836 0.000162
3.266667 3.999836 0.000165
3.283333 3.999834 0.000163
3.300000 3.999834 0.000167
3.316667 3.999832 0.000165
3.333333 3.999833 0.000169
3.350000 3.999831 0.000167
3.366667 3.999831 0.000171
3.383333 3.999829 0.000168
3.400000 3.999829 0.000172
3.416667 3.999827 0.000170
3.433333 3.999828 0.000174
3.450000 3.999826 0.000171
3.466667 3.999826 0.000176
3.483333 3.999824 0.000173
3.500000 3.999824 0.000177
3.516667 3.999822 0.000175
3.533333 3.999823 0.000179
3.550000 3.999821 0.000176
3.566667 3.999821 0.000181
3.583333 3.999819 0.000178
3.600000 3.999819 0.000182
3.616667 3.999817 0.000180
3.633333 3.999818 0.000184
3.650000 3.999816 0.000181
3.666667 3.999816 0.000186
3.683333 3.999814 0.000183
3.700000 3.999814 0.000188
3.716667 3.999812 0.000185
3.733333 3.999813 0.000189
3.750000 3.999811 0.000186
3.766667 3.999811 0.000191
3.783333 3.999809 0.000188
3.800000 3.999809 0.000193
3.816667 3.999807 0.000190
3.833333 3.999808 0.000194
3.850000 3.999805 0.000191
3.866667 3.999806 0.000196
3.883333 3.999804 0.000193
3.900000 3.999804 0.000198
3.916667 3.999802 0.000195
3.933333 3.999803 0.000199
3.950000 3.999800 0.000196
3.966667 3.999801 0.000201
3.983333 3.999799 0.000198
4.000000 3.999799 0.000203
4.016667 3.999797 0.000200
4.033333 3.999798 0.000205
4.050000 3.999795 0.000201
4.066667 3.999796 0.000206
4.083333 3.999794 0.000203
4.100000 3.999794 0.000208
4.116667 3.999792 0.000205
4.133333 3.999793 0.000210
4.150000 3.999790 0.000206
4.166667 3.999791 0.000211
4.183333 3.999789 0.000208
4.200000 3.999789 0.000213
4.216667 3.999787 0.000209
4.233333 3.999788 0.000215
4.250000 3.999785 0.000211
4.266667 3.999786 0.000216
4.283333 3.999784 0.000213
4.300000 3.999784 0.000218
4.316667 3.999782 0.000214
4.333333 3.999783 0.000220
4.350000 3.999780 0.000216
4.366667 3.999781 0.000222
4.383333 3.999778 0.000218
4.400000 3.999779 0.000223
4.416667 3.999777 0.000219
4.433333 3.999778 0.000225
4.450000 3.999775 0.000221
4.466667 3.999776 0.000227
4.483333 3.999773 0.000223
4.500000 3.999774 0.000228
4.516667 3.999772 0.000224
4.533333 3.999773 0.000230
4.550000 3.999770 0.000226
4.566667 3.999771 0.000232
4.583333 3.999768 0.000228
4.600000 3.999769 0.000234
4.616667 3.999767 0.000229
4.633333 3.999768 0.000235
4.650000 3.999765 0.000231
4.666667 3.999766 0.000237
4.683333 3.999763 0.000232
4.700000 3.999764 0.000239
4.716667 3.999762 0.000234
4.733333 3.999763 0.000240
4.750000 3.999760 0.000236
4.766667 3.999761 0.000242
4.783333 3.999758 0.000237
4.800000 3.999759 0.000244
4.816667 3.999756 0.000239
4.833333 3.999758 0.000246
4.850000 3.999755 0.000241
4.866667 3.999756 0.000247
4.883333 3.999753 0.000242
4.900000 3.999754 0.000249
4.916667 3.999751 0.000244
4.933333 3.999753 0.000251
4.950000 3.999750 0.000246
4.966667 3.999751 0.000252
4.983333 3.999748 0.000247
5.000000 3.999749 0.000254
5.016667 3.999746 0.000249
5.033333 3.999748 0.000256
5.050000 3.999745 0.000250
5.066667 3.999746 0.000258
5.083333 3.999743 0.000252
5.100000 3.999745 0.000259
5.116667 3.999741 0.000254
5.133333 3.999743 0.000261
5.150000 3.999740 0.000255
5.166667 3.999741 0.000263
5.183333 3.999738 0.000257
5.200000 3.999740 0.000264
5.216667 3.999736 0.000259
5.233333 3.999738 0.000266
5.250000 3.999735 0.000260
5.266667 3.999736 0.000268
5.283333 3.999733 0.000262
5.300000 3.999735 0.000270
5.316667 3.999731 0.000264
5.333333 3.999733 0.000271
5.350000 3.999729 0.000265
5.366667 3.999731 0.000273
5.383333 3.999728 0.000267
5.400000 3.999730 0.000275
5.416667 3.999726 0.000268
5.433333 3.999728 0.000276
5.450000 3.999724 0.000270
5.466667 3.999726 0.000278
5.483333 3.999723 0.000272
5.500000 3.999725 0.000280
5.516667 3.999721 0.000273
5.533333 3.999723 0.000282
5.550000 3.999719 0.000275
5.566667 3.999721 0.000283
5.583333 3.999718 0.000277
5.600000 3.999720 0.000285
5.616667 3.999716 0.000278
5.633333 3.999718 0.000287
5.650000 3.999714 0.000280
5.666667 3.999716 0.000289
5.683333 3.999712 0.000281
5.700000 3.999715 0.000290
5.716667 3.999711 0.000283
5.733333 3.999713 0.000292
5.750000 3.999709 0.000285
5.766667 3.999711 0.000294
5.783333 3.999707 0.000286
5.800000 3.999710 0.000296
5.816667 3.999706 0.000288
5.833333 3.999708 0.000297
5.850000 3.999704 0.000290
5.866667 3.999706 0.000299
5.883333 3.999702 0.000291
5.900000 3.999705 0.000301
5.916667 3.999701 0.000293
5.933333 3.999703 0.000302
5.950000 3.999699 0.000294
5.966667 3.999701 0.000304
5.983333 3.999697 0.000296
6.000000 3.999700 0.000306
6.016667 3.999695 0.000298
6.033333 3.999698 0.000308
6.050000 3.999694 0.000299
6.066667 3.999696 0.000309
6.083333 3.999692 0.000301
6.100000 3.999695 0.000311
6.116667 3.999690 0.000303
6.133333 3.999693 0.000313
6.150000 3.999689 0.000304
6.166667 3.999691 0.000315
6.183333 3.999687 0.000306
6.200000 3.999690 0.000316
6.216667 3.999685 0.000307
6.233333 3.999688 0.000318
6.250000 3.999684 0.000309
6.266667 3.999687 0.000320
6.283333 3.999682 0.000311
6.300000 3.999685 0.000322
6.316667 3.999680 0.000312
6.333333 3.999683 0.000323
6.350000 3.999678 0.000314
6.366667 3.999682 0.000325
6.383333 3.999677 0.000315
6.400000 3.999680 0.000327
6.416667 3.999675 0.000317
6.433333 3.999678 0.000329
6.450000 3.999673 0.000319
6.466667 3.999677 0.000330
6.483333 3.999672 0.000320
6.500000 3.999675 0.000332
6.516667 3.999670 0.000322
6.533333 3.999673 0.000334
6.550000 3.999668 0.000323
6.566667 3.999672 0.000336
6.583333 3.999667 0.000325
6.600000 3.999670 0.000337
6.616667 3.999665 0.000327
6.633333 3.999668 0.000339
6.650000 3.999663 0.000328
6.666667 3.999667 0.000341
6.683333 3.999661 0.000330
6.700000 3.999665 0.000343
6.716667 3.999660 0.000331
6.733333 3.999663 0.000344
6.750000 3.999658 0.000333
6.766667 3.999662 0.000346
6.783333 3.999656 0.000335
6.800000 3.999660 0.000348
6.816667 3.999655 0.000336
6.833333 3.999658 0.000350
6.850000 3.999653 0.000338
6.866667 3.999657 0.000351
6.883333 3.999651 0.000339
6.900000 3.999655 0.000353
6.916667 3.999649 0.000341
6.933333 3.999654 0.000355
6.950000 3.999648 0.000343
6.966667 3.999652 0.000357
6.983333 3.999646 0.000344
7.000000 3.999650 0.000358
7.016667 3.999644 0.000346
7.033333 3.999649 0.000360
7.050000 3.999643 0.000347
7.066667 3.999647 0.000362
7.083333 3.999641 0.000349
7.100000 3.999645 0.000364
7.116667 3.999639 0.000351
7.133333 3.999644 0.000365
7.150000 3.999638 0.000352
7.166667 3.999642 0.000367
7.183333 3.999636 0.000354
7.200000 3.999640 0.000369
7.216667 3.999634 0.000355
7.233333 3.999639 0.000371
7.250000 3.999632 0.000357
7.266667 3.999637 0.000373
7.283333 3.999631 0.000358
7.300000 3.999636 0.000374
7.316667 3.999629 0.000360
7.333333 3.999634 0.000376
7.350000 3.999627 0.000362
7.366667 3.999632 0.000378
7.383333 3.999626 0.000363
7.400000 3.999631 0.000380
7.416667 3.999624 0.000365
7.433333 3.999629 0.000381
7.450000 3.999622 0.000366
7.466667 3.999627 0.000383
7.483333 3.999620 0.000368
7.500000 3.999626 0.000385
7.516667 3.999619 0.000369
7.533333 3.999624 0.000387
7.550000 3.999617 0.000371
7.566667 3.999622 0.000389
7.583333 3.999615 0.000373
7.600000 3.999621 0.000390
7.616667 3.999614 0.000374
7.633333 3.999619 0.000392
7.650000 3.999612 0.000376
7.666667 3.999618 0.000394
7.683333 3.999610 0.000377
7.700000 3.999616 0.000396
7.716667 3.999608 0.000379
7.733333 3.999614 0.000398
7.750000 3.999607 0.000380
7.766667 3.999613 0.000399
7.783333 3.999605 0.000382
7.800000 3.999611 0.000401
7.816667 3.999603 0.000383
7.833333 3.999609 0.000403
7.850000 3.999601 0.000385
7.866667 3.999608 0.000405
7.883333 3.999600 0.000387
7.900000 3.999606 0.000407
7.916667 3.999598 0.000388
7.933333 3.999604 0.000408
7.950000 3.999596 0.000390
7.966667 3.999603 0.000410
7.983333 3.999595 0.000391
8.000000 3.999601 0.000412
8.016667 3.999593 0.000393
8.033333 3.999600 0.000414
8.050000 3.999591 0.000394
8.066667 3.999598 0.000416
8.083333 3.999589 0.000396
8.100000 3.999596 0.000417
8.116667 3.999588 0.000397
8.133333 3.999595 0.000419
8.150000 3.999586 0.000399
8.166667 3.999593 0.000421
8.183333 3.999584 0.000400
8.200000 3.999591 0.000423
8.216667 3.999582 0.000402
8.233333 3.999590 0.000425
8.250000 3.999581 0.000404
8.266667 3.999588 0.000426
8.283333 3.999579 0.000405
8.300000 3.999587 0.000428
8.316667 3.999577 0.000407
8.333333 3.999585 0.000430
8.350000 3.999576 0.000408
8.366667 3.999583 0.000432
8.383333 3.999574 0.000410
8.400000 3.999582 0.000434
8.416667 3.999572 0.000411
8.433333 3.999580 0.000436
8.450000 3.999570 0.000413
8.466667 3.999578 0.000437
8.483333 3.999569 0.000414
8.500000 3.999577 0.000439
8.516667 3.999567 0.000416
8.533333 3.999575 0.000441
8.550000 3.999565 0.000417
8.566667 3.999574 0.000443
8.583333 3.999563 0.000419
8.600000 3.999572 0.000445
8.616667 3.999562 0.000420
8.633333 3.999570 0.000447
8.650000 3.999560 0.000422
8.666667 3.999569 0.000448
8.683333 3.999558 0.000423
8.700000 3.999567 0.000450
8.716667 3.999556 0.000425
8.733333 3.999566 0.000452
8.750000 3.999555 0.000426
8.766667 3.999564 0.000454
8.783333 3.999553 0.000428
8.800000 3.999562 0.000456
8.816667 3.999551 0.000429
8.833333 3.999561 0.000458
8.850000 3.999549 0.000431
8.866667 3.999559 0.000460
8.883333 3.999548 0.000432
8.900000 3.999558 0.000461
8.916667 3.999546 0.000434
8.933333 3.999556 0.000463
8.950000 3.999544 0.000435
8.966667 3.999554 0.000465
8.983333 3.999542 0.000437
9.000000 3.999553 0.000467
9.016667 3.999541 0.000438
9.033333 3.999551 0.000469
9.050000 3.999539 0.000440
9.066667 3.999550 0.000471
9.083333 3.999537 0.000441
9.100000 3.999548 0.000473
9.116667 3.999535 0.000443
9.133333 3.999546 0.000475
9.150000 3.999534 0.000444
9.166667 3.999545 0.000476
9.183333 3.999532 0.000446
9.200000 3.999543 0.000478
9.216667 3.999530 0.000447
9.233333 3.999542 0.000480
9.250000 3.999528 0.000449
9.266667 3.999540 0.000482
9.283333 3.999527 0.000450
9.300000 3.999538 0.000484
9.316667 3.999525 0.000451
9.333333 3.999537 0.000486
9.350000 3.999523 0.000453
9.366667 3.999535 0.000488
9.383333 3.999521 0.000454
9.400000 3.999534 0.000490
9.416667 3.999520 0.000456
9.433333 3.999532 0.000492
9.450000 3.999518 0.000457
9.466667 3.999530 0.000494
9.483333 3.999516 0.000459
9.500000 3.999529 0.000495
9.516667 3.999514 0.000460
9.533333 3.999527 0.000497
9.550000 3.999513 0.000462
9.566667 3.999526 0.000499
9.583333 3.999511 0.000463
9.600000 3.999524 0.000501
9.616667 3.999509 0.000464
9.633333 3.999522 0.000503
9.650000 3.999507 0.000466
9.666667 3.999521 0.000505
9.683333 3.999506 0.000467
9.700000 3.999519 0.000507
9.716667 3.999504 0.000469
9.733333 3.999518 0.000509
9.750000 3.999502 0.000470
9.766667 3.999516 0.000511
9.783333 3.999500 0.000472
9.800000 3.999515 0.000513
9.816667 3.999498 0.000473
9.833333 3.999513 0.000515
9.850000 3.999497 0.000474
9.866667 3.999511 0.000517
9.883333 3.999495 0.000476
9.900000 3.999510 0.000519
9.916667 3.999493 0.000477
9.933333 3.999508 0.000521
9.950000 3.999491 0.000479
9.966667 3.999507 0.000523
9.983333 3.999489 0.000480
10.000000 3.999505 0.000525
10.016667 3.999488 0.000481
10.033333 3.999504 0.000526
10.050000 3.999486 0.000483
10.066667 3.999502 0.000528
10.083333 3.999484 0.000484
10.100000 3.999500 0.000530
10.116667 3.999482 0.000485
10.133333 3.999499 0.000532
10.150000 3.999481 0.000487
10.166667 3.999497 0.000534
10.183333 3.999479 0.000488
10.200000 3.999496 0.000536
10.216667 3.999477 0.000490
10.233333 3.999494 0.000538
10.250000 3.999475 0.000491
10.266667 3.999493 0.000540
10.283333 3.999473 0.000492
10.300000 3.999491 0.000542
10.316667 3.999472 0.000494
10.333333 3.999489 0.000544
10.350000 3.999470 0.000495
10.366667 3.999488 0.000546
10.383333 3.999468 0.000496
10.400000 3.999486 0.000548
10.416667 3.999466 0.000498
10.433333 3.999485 0.000550
10.450000 3.999464 0.000499
10.466667 3.999483 0.000552
10.483333 3.999463 0.000500
10.500000 3.999482 0.000554
10.516667 3.999461 0.000502
10.533333 3.999480 0.000556
10.550000 3.999459 0.000503
10.566667 3.999479 0.000558
10.583333 3.999457 0.000504
10.600000 3.999477 0.000561
10.616667 3.999455 0.000506
10.633333 3.999476 0.000563
10.650000 3.999454 0.000507
10.666667 3.999474 0.000565
10.683333 3.999452 0.000508
10.700000 3.999473 0.000567
10.716667 3.999450 0.000510
10.733333 3.999471 0.000569
10.750000 3.999448 0.000511
10.766667 3.999469 0.000571
10.783333 3.999446 0.000512
10.800000 3.999468 0.000573
10.816667 3.999444 0.000513
10.833333 3.999466 0.000575
10.850000 3.999443 0.000515
10.866667 3.999465 0.000577
10.883333 3.999441 0.000516
10.900000 3.999463 0.000579
10.916667 3.999439 0.000517
10.933333 3.999462 0.000581
10.950000 3.999437 0.000518
10.966667 3.999460 0.000583
10.983333 3.999435 0.000520
11.000000 3.999459 0.000585
11.016667 3.999433 0.000521
11.033333 3.999457 0.000587
11.050000 3.999432 0.000522
11.066667 3.999456 0.000590
11.083333 3.999430 0.000523
11.100000 3.999454 0.000592
11.116667 3.999428 0.000525
11.133333 3.999453 0.000594
11.150000 3.999426 0.000526
11.166667 3.999451 0.000596
11.183333 3.999424 0.000527
11.200000 3.999450 0.000598
11.216667 3.999422 0.000528
11.233333 3.999448 0.000600
11.250000 3.999421 0.000530
11.266667 3.999447 0.000602
11.283333 3.999419 0.000531
11.300000 3.999445 0.000605
11.316667 3.999417 0.000532
11.333333 3.999444 0.000607
11.350000 3.999415 0.000533
11.366667 3.999442 0.000609
11.383333 3.999413 0.000534
11.400000 3.999441 0.000611
11.416667 3.999411 0.000536
11.433333 3.999439 0.000613
11.450000 3.999409 0.000537
11.466667 3.999438 0.000615
11.483333 3.999407 0.000538
11.500000 3.999436 0.000618
11.516667 3.999406 0.000539
11.533333 3.999435 0.000620
11.550000 3.999404 0.000540
11.566667 3.999433 0.000622
11.583333 3.999402 0.000541
11.600000 3.999432 0.000624
11.616667 3.999400 0.000542
11.633333 3.999430 0.000626
11.650000 3.999398 0.000544
11.666667 3.999429 0.000629
11.683333 3.999396 0.000545
11.700000 3.999427 0.000631
11.716667 3.999394 0.000546
11.733333 3.999426 0.000633
11.750000 3.999392 0.000547
11.766667 3.999424 0.000635
11.783333 3.999391 0.000548
11.800000 3.999423 0.000638
11.816667 3.999389 0.000549
11.833333 3.999422 0.000640
11.850000 3.999387 0.000550
11.866667 3.999420 0.000642
11.883333 3.999385 0.000551
11.900000 3.999419 0.000644
11.916667 3.999383 0.000552
11.933333 3.999417 0.000647
11.950000 3.999381 0.000553
11.966667 3.999416 0.000649
11.983333 3.999379 0.000555
12.000000 3.999414 0.000651
12.016667 3.999377 0.000556
12.033333 3.999413 0.000654
12.050000 3.999375 0.000557
12.066667 3.999411 0.000656
12.083333 3.999373 0.000558
12.100000 3.999410 0.000658
12.116667 3.999371 0.000559
12.133333 3.999409 0.000661
12.150000 3.999370 0.000560
12.166667 3.999407 0.000663
12.183333 3.999368 0.000561
12.200000 3.999406 0.000665
12.216667 3.999366 0.000562
12.233333 3.999404 0.000668
12.250000 3.999364 0.000563
12.266667 3.999403 0.000670
12.283333 3.999362 0.000564
12.300000 3.999402 0.000672
12.316667 3.999360 0.000565
12.333333 3.999400 0.000675
12.350000 3.999358 0.000566
12.366667 3.999399 0.000677
12.383333 3.999356 0.000567
12.400000 3.999397 0.000680
12.416667 3.999354 0.000567
12.433333 3.999396 0.000682
12.450000 3.999352 0.000568
12.466667 3.999394 0.000684
12.483333 3.999350 0.000569
12.500000 3.999393 0.000687
12.516667 3.999348 0.000570
12.533333 3.999392 0.000689
12.550000 3.999346 0.000571
12.566667 3.999390 0.000692
12.583333 3.999344 0.000572
12.600000 3.999389 0.000694
12.616667 3.999342 0.000573
12.633333 3.999388 0.000697
12.650000 3.999340 0.000574
12.666667 3.999386 0.000699
12.683333 3.999338 0.000575
12.700000 3.999385 0.000702
12.716667 3.999336 0.000575
12.733333 3.999383 0.000704
12.750000 3.999334 0.000576
12.766667 3.999382 0.000707
12.783333 3.999332 0.000577
12.800000 3.999381 0.000709
12.816667 3.999330 0.000578
12.833333 3.999379 0.000712
12.850000 3.999328 0.000579
12.866667 3.999378 0.000714
12.883333 3.999326 0.000580
12.900000 3.999377 0.000717
12.916667 3.999324 0.000580
12.933333 3.999375 0.000720
12.950000 3.999322 0.000581
12.966667 3.999374 0.000722
12.983333 3.999320 0.000582
13.000000 3.999373 0.000725
13.016667 3.999318 0.000583
13.033333 3.999371 0.000727
13.050000 3.999316 0.000583
13.066667 3.999370 0.000730
13.083333 3.999314 0.000584
13.100000 3.999369 0.000733
13.116667 3.999312 0.000585
13.133333 3.999367 0.000735
13.150000 3.999310 0.000586
13.166667 3.999366 0.000738
13.183333 3.999308 0.000586
13.200000 3.999365 0.000741
13.216667 3.999306 0.000587
13.233333 3.999364 0.000743
13.250000 3.999304 0.000588
13.266667 3.999362 0.000746
13.283333 3.999302 0.000588
13.300000 3.999361 0.000749
13.316667 3.999300 0.000589
13.333333 3.999360 0.000751
13.350000 3.999298 0.000589
13.366667 3.999358 0.000754
13.383333 3.999296 0.000590
13.400000 3.999357 0.000757
13.416667 3.999293 0.000591
13.433333 3.999356 0.000760
13.450000 3.999291 0.000591
13.466667 3.999355 0.000762
13.483333 3.999289 0.000592
13.500000 3.999353 0.000765
13.516667 3.999287 0.000592
13.533333 3.999352 0.000768
13.550000 3.999285 0.000593
13.566667 3.999351 0.000771
13.583333 3.999283 0.000593
13.600000 3.999350 0.000774
13.616667 3.999281 0.000594
13.633333 3.999348 0.000777
13.650000 3.999279 0.000594
13.666667 3.999347 0.000779
13.683333 3.999277 0.000595
13.700000 3.999346 0.000782
13.716667 3.999274 0.000595
13.733333 3.999345 0.000785
13.750000 3.999272 0.000596
13.766667 3.999344 0.000788
13.783333 3.999270 0.000596
13.800000 3.999342 0.000791
13.816667 3.999268 0.000597
13.833333 3.999341 0.000794
13.850000 3.999266 0.000597
13.866667 3.999340 0.000797
13.883333 3.999264 0.000597
13.900000 3.999339 0.000800
13.916667 3.999261 0.000598
13.933333 3.999338 0.000803
13.950000 3.999259 0.000598
13.966667 3.999336 0.000806
13.983333 3.999257 0.000598
14.000000 3.999335 0.000809
14.016667 3.999255 0.000599
14.033333 3.999334 0.000812
14.050000 3.999253 0.000599
14.066667 3.999333 0.000815
14.083333 3.999251 0.000599
14.100000 3.999332 0.000818
14.116667 3.999248 0.000599
14.133333 3.999331 0.000822
14.150000 3.999246 0.000600
14.166667 3.999329 0.000825
14.183333 3.999244 0.000600
14.200000 3.999328 0.000828
14.216667 3.999242 0.000600
14.233333 3.999327 0.000831
14.250000 3.999239 0.000600
14.266667 3.999326 0.000834
14.283333 3.999237 0.000600
14.300000 3.999325 0.000837
14.316667 3.999235 0.000601
14.333333 3.999324 0.000841
14.350000 3.999233 0.000601
14.366667 3.999323 0.000844
14.383333 3.999230 0.000601
14.400000 3.999322 0.000847
14.416667 3.999228 0.000601
14.433333 3.999321 0.000850
14.450000 3.999226 0.000601
14.466667 3.999320 0.000854
14.483333 3.999223 0.000601
14.500000 3.999319 0.000857
14.516667 3.999221 0.000601
14.533333 3.999318 0.000860
14.550000 3.999219 0.000601
14.566667 3.999317 0.000864
14.583333 3.999216 0.000601
14.600000 3.999315 0.000867
14.616667 3.999214 0.000601
14.633333 3.999314 0.000871
14.650000 3.999212 0.000601
14.666667 3.999313 0.000874
14.683333 3.999209 0.000601
14.700000 3.999312 0.000878
14.716667 3.999207 0.000600
14.733333 3.999311 0.000881
14.750000 3.999205 0.000600
14.766667 3.999310 0.000885
14.783333 3.999202 0.000600
14.800000 3.999309 0.000888
14.816667 3.999200 0.000600
14.833333 3.999308 0.000892
14.850000 3.999198 0.000600
14.866667 3.999308 0.000895
14.883333 3.999195 0.000600
14.900000 3.999307 0.000899
14.916667 3.999193 0.000599
14.933333 3.999306 0.000903
14.950000 3.999190 0.000599
14.966667 3.999305 0.000906
14.983333 3.999188 0.000599
15.000000 3.999304 0.000910
15.016667 3.999185 0.000598
15.033333 3.999303 0.000914
15.050000 3.999183 0.000598
15.066667 3.999302 0.000917
15.083333 3.999181 0.000597
15.100000 3.999301 0.000921
15.116667 3.999178 0.000597
15.133333 3.999300 0.000925
15.150000 3.999176 0.000597
15.166667 3.999299 0.000929
15.183333 3.999173 0.000596
15.200000 3.999298 0.000933
15.216667 3.999171 0.000596
15.233333 3.999298 0.000937
15.250000 3.999168 0.000595
15.266667 3.999297 0.000940
15.283333 3.999166 0.000594
15.300000 3.999296 0.000944
15.316667 3.999163 0.000594
15.333333 3.999295 0.000948
15.350000 3.999160 0.000593
15.366667 3.999294 0.000952
15.383333 3.999158 0.000593
15.400000 3.999294 0.000956
15.416667 3.999155 0.000592
15.433333 3.999293 0.000960
15.450000 3.999153 0.000591
15.466667 3.999292 0.000965
15.483333 3.999150 0.000590
15.500000 3.999291 0.000969
15.516667 3.999148 0.000590
15.533333 3.999290 0.000973
15.550000 3.999145 0.000589
15.566667 3.999290 0.000977
15.583333 3.999142 0.000588
15.600000 3.999289 0.000981
15.616667 3.999140 0.000587
15.633333 3.999288 0.000986
15.650000 3.999137 0.000586
15.666667 3.999288 0.000990
15.683333 3.999134 0.000585
15.700000 3.999287 0.000994
15.716667 3.999132 0.000584
15.733333 3.999286 0.000999
15.750000 3.999129 0.000583
15.766667 3.999286 0.001003
15.783333 3.999126 0.000582
15.800000 3.999285 0.001007
15.816667 3.999124 0.000581
15.833333 3.999284 0.001012
15.850000 3.999121 0.000580
15.866667 3.999284 0.001016
15.883333 3.999118 0.000579
15.900000 3.999283 0.001021
15.916667 3.999115 0.000578
15.933333 3.999282 0.001025
15.950000 3.999113 0.000576
15.966667 3.999282 0.001030
15.983333 3.999110 0.000575
16.000000 3.999281 0.001035
16.016667 3.999107 0.000574
16.033333 3.999281 0.001039
16.050000 3.999104 0.000573
16.066667 3.999280 0.001044
16.083333 3.999101 0.000571
16.100000 3.999280 0.001049
16.116667 3.999098 0.000570
16.133333 3.999279 0.001054
16.150000 3.999096 0.000568
16.166667 3.999279 0.001059
16.183333 3.999093 0.000567
16.200000 3.999278 0.001063
16.216667 3.999090 0.000565
16.233333 3.999278 0.001068
16.250000 3.999087 0.000564
16.266667 3.999277 0.001073
16.283333 3.999084 0.000562
16.300000 3.999277 0.001078
16.316667 3.999081 0.000560
16.333333 3.999276 0.001084
16.350000 3.999078 0.000559
16.366667 3.999276 0.001089
16.383333 3.999075 0.000557
16.400000 3.999276 0.001094
16.416667 3.999072 0.000555
16.433333 3.999275 0.001099
16.450000 3.999069 0.000553
16.466667 3.999275 0.001104
16.483333 3.999066 0.000551
16.500000 3.999275 0.001110
16.516667 3.999063 0.000549
16.533333 3.999274 0.001115
16.550000 3.999060 0.000547
16.566667 3.999274 0.001120
16.583333 3.999057 0.000545
16.600000 3.999274 0.001126
16.616667 3.999054 0.000543
16.633333 3.999274 0.001131
16.650000 3.999050 0.000541
16.666667 3.999273 0.001137
16.683333 3.999047 0.000539
16.700000 3.999273 0.001142
16.716667 3.999044 0.000537
16.733333 3.999273 0.001148
16.750000 3.999041 0.000534
16.766667 3.999273 0.001154
16.783333 3.999038 0.000532
16.800000 3.999272 0.001159
16.816667 3.999035 0.000530
16.833333 3.999272 0.001165
16.850000 3.999031 0.000527
16.866667 3.999272 0.001171
16.883333 3.999028 0.000525
16.900000 3.999272 0.001177
16.916667 3.999025 0.000522
16.933333 3.999272 0.001183
16.950000 3.999021 0.000519
16.966667 3.999272 0.001189
16.983333 3.999018 0.000517
17.000000 3.999272 0.001195
17.016667 3.999015 0.000514
17.033333 3.999272 0.001201
17.050000 3.999011 0.000511
17.066667 3.999272 0.001207
17.083333 3.999008 0.000508
17.100000 3.999272 0.001214
17.116667 3.999005 0.000506
17.133333 3.999272 0.001220
17.150000 3.999001 0.000503
17.166667 3.999272 0.001226
17.183333 3.998998 0.000500
17.200000 3.999272 0.001233
17.216667 3.998994 0.000496
17.233333 3.999272 0.001239
17.250000 3.998991 0.000493
17.266667 3.999272 0.001246
17.283333 3.998987 0.000490
17.300000 3.999273 0.001252
17.316667 3.998984 0.000487
17.333333 3.999273 0.001259
17.350000 3.998980 0.000484
17.366667 3.999273 0.001266
17.383333 3.998976 0.000480
17.400000 3.999273 0.001273
17.416667 3.998973 0.000477
17.433333 3.999273 0.001280
17.450000 3.998969 0.000473
17.466667 3.999274 0.001287
17.483333 3.998965 0.000470
17.500000 3.999274 0.001294
17.516667 3.998962 0.000466
17.533333 3.999274 0.001301
17.550000 3.998958 0.000462
17.566667 3.999275 0.001308
17.583333 3.998954 0.000458
17.600000 3.999275 0.001315
17.616667 3.998950 0.000455
17.633333 3.999275 0.001322
17.650000 3.998947 0.000451
17.666667 3.999276 0.001330
17.683333 3.998943 0.000447
17.700000 3.999276 0.001337
17.716667 3.998939 0.000443
17.733333 3.999277 0.001345
17.750000 3.998935 0.000438
17.766667 3.999277 0.001352
17.783333 3.998931 0.000434
17.800000 3.999278 0.001360
17.816667 3.998927 0.000430
17.833333 3.999278 0.001368
17.850000 3.998923 0.000425
17.866667 3.999279 0.001376
17.883333 3.998919 0.000421
17.900000 3.999280 0.001384
17.916667 3.998915 0.000416
17.933333 3.999280 0.001392
17.950000 3.998911 0.000412
17.966667 3.999281 0.001400
17.983333 3.998907 0.000407
18.000000 3.999282 0.001408
18.016667 3.998903 0.000402
18.033333 3.999282 0.001416
18.050000 3.998898 0.000397
18.066667 3.999283 0.001424
18.083333 3.998894 0.000392
18.100000 3.999284 0.001433
18.116667 3.998890 0.000387
18.133333 3.999285 0.001441
18.150000 3.998886 0.000382
18.166667 3.999286 0.001450
18.183333 3.998881 0.000377
18.200000 3.999287 0.001459
18.216667 3.998877 0.000372
18.233333 3.999288 0.001467
18.250000 3.998873 0.000366
18.266667 3.999289 0.001476
18.283333 3.998868 0.000361
18.300000 3.999290 0.001485
18.316667 3.998864 0.000355
18.333333 3.999291 0.001494
18.350000 3.998859 0.000350
18.366667 3.999292 0.001504
18.383333 3.998855 0.000344
18.400000 3.999293 0.001513
18.416667 3.998850 0.000338
18.433333 3.999294 0.001522
18.450000 3.998845 0.000332
18.466667 3.999295 0.001532
18.483333 3.998841 0.000326
18.500000 3.999296 0.001541
18.516667 3.998836 0.000320
18.533333 3.999298 0.001551
18.550000 3.998831 0.000313
18.566667 3.999299 0.001561
18.583333 3.998827 0.000307
18.600000 3.999300 0.001571
18.616667 3.998822 0.000301
18.633333 3.999302 0.001581
18.650000 3.998817 0.000294
18.666667 3.999303 0.001591
18.683333 3.998812 0.000287
18.700000 3.999305 0.001601
18.716667 3.998807 0.000280
18.733333 3.999306 0.001611
18.750000 3.998802 0.000274
18.766667 3.999308 0.001622
18.783333 3.998797 0.000267
18.800000 3.999309 0.001632
18.816667 3.998792 0.000259
18.833333 3.999311 0.001643
18.850000 3.998787 0.000252
18.866667 3.999312 0.001654
18.883333 3.998782 0.000245
18.900000 3.999314 0.001664
18.916667 3.998776 0.000237
18.933333 3.999316 0.001676
18.950000 3.998771 0.000230
18.966667 3.999318 0.001687
18.983333 3.998766 0.000222
19.000000 3.999319 0.001698
19.016667 3.998761 0.000214
19.033333 3.999321 0.001709
19.050000 3.998755 0.000206
19.066667 3.999323 0.001721
19.083333 3.998750 0.000198
19.100000 3.999325 0.001732
19.116667 3.998744 0.000190
19.133333 3.999327 0.001744
19.150000 3.998739 0.000182
19.166667 3.999329 0.001756
19.183333 3.998733 0.000173
19.200000 3.999331 0.001768
19.216667 3.998727 0.000165
19.233333 3.999334 0.001780
19.250000 3.998722 0.000156
19.266667 3.999336 0.001793
19.283333 3.998716 0.000147
19.300000 3.999338 0.001805
19.316667 3.998710 0.000138
19.333333 3.999340 0.001818
19.350000 3.998704 0.000129
19.366667 3.999343 0.001831
19.383333 3.998698 0.000120
19.400000 3.999345 0.001843
19.416667 3.998692 0.000110
19.433333 3.999347 0.001856
19.450000 3.998686 0.000101
19.466667 3.999350 0.001870
19.483333 3.998680 0.000091
19.500000 3.999353 0.001883
19.516667 3.998674 0.000081
19.533333 3.999355 0.001896
19.550000 3.998668 0.000071
19.566667 3.999358 0.001910
19.583333 3.998662 0.000061
19.600000 3.999361 0.001924
19.616667 3.998655 0.000051
19.633333 3.999363 0.001938
19.650000 3.998649 0.000040
19.666667 3.999366 0.001952
19.683333 3.998642 0.000030
19.700000 3.999369 0.001966
19.716667 3.998636 0.000019
19.733333 3.999372 0.001981
19.750000 3.998629 0.000008
19.766667 3.999375 0.001995
19.783333 3.998623 -0.000003
19.800000 3.999378 0.002010
19.816667 3.998616 -0.000014
19.833333 3.999381 0.002025
19.850000 3.998609 -0.000026
19.866667 3.999384 0.002040
19.883333 3.998602 -0.000037
19.900000 3.999388 0.002055
19.916667 3.998595 -0.000049
19.933333 3.999391 0.002071
19.950000 3.998588 -0.000061
19.966667 3.999394 0.002087
19.983333 3.998581 -0.000073
20.000000 3.999398 0.002102
20.016667 3.998574 -0.000085
20.033333 3.999401 0.002119
20.050000 3.998567 -0.000098
20.066667 3.999405 0.002135
20.083333 3.998560 -0.000110
20.100000 3.999408 0.002151
20.116667 3.998552 -0.000123
20.133333 3.999412 0.002168
20.150000 3.998545 -0.000136
20.166667 3.999416 0.002185
20.183333 3.998537 -0.000149
20.200000 3.999420 0.002202
20.216667 3.998530 -0.000163
20.233333 3.999424 0.002219
20.250000 3.998522 -0.000176
20.266667 3.999428 0.002236
20.283333 3.998514 -0.000190
20.300000 3.999432 0.002254
20.316667 3.998506 -0.000204
20.333333 3.999436 0.002272
20.350000 3.998499 -0.000218
20.366667 3.999440 0.002290
20.383333 3.998491 -0.000233
20.400000 3.999444 0.002308
20.416667 3.998482 -0.000247
20.433333 3.999448 0.002326
20.450000 3.998474 -0.000262
20.466667 3.999453 0.002345
20.483333 3.998466 -0.000277
20.500000 3.999457 0.002364
20.516667 3.998458 -0.000292
20.533333 3.999462 0.002383
20.550000 3.998449 -0.000308
20.566667 3.999467 0.002402
20.583333 3.998441 -0.000323
20.600000 3.999471 0.002422
20.616667 3.998432 -0.000339
20.633333 3.999476 0.002442
20.650000 3.998423 -0.000355
20.666667 3.999481 0.002462
20.683333 3.998415 -0.000371
20.700000 3.999486 0.002482
20.716667 3.998406 -0.000388
20.733333 3.999491 0.002503
20.750000 3.998397 -0.000405
20.766667 3.999496 0.002524
20.783333 3.998388 -0.000422
20.800000 3.999501 0.002545
20.816667 3.998378 -0.000439
20.833333 3.999507 0.002566
20.850000 3.998369 -0.000456
20.866667 3.999512 0.002588
20.883333 3.998360 -0.000474
20.900000 3.999517 0.002609
20.916667 3.998350 -0.000492
20.933333 3.999523 0.002631
20.950000 3.998341 -0.000510
20.966667 3.999529 0.002654
20.983333 3.998331 -0.000529
21.000000 3.999534 0.002676
21.016667 3.998321 -0.000547
21.033333 3.999540 0.002699
21.050000 3.998311 -0.000566
21.066667 3.999546 0.002723
21.083333 3.998301 -0.000586
21.100000 3.999552 0.002746
21.116667 3.998291 -0.000605
21.133333 3.999558 0.002770
21.150000 3.998281 -0.000625
21.166667 3.999564 0.002794
21.183333 3.998270 -0.000645
21.200000 3.999571 0.002818
21.216667 3.998260 -0.000665
21.233333 3.999577 0.002843
21.250000 3.998249 -0.000686
21.266667 3.999583 0.002868
21.283333 3.998238 -0.000707
21.300000 3.999590 0.002893
21.316667 3.998228 -0.000728
21.333333 3.999597 0.002919
21.350000 3.998217 -0.000750
21.366667 3.999604 0.002944
21.383333 3.998205 -0.000771
21.400000 3.999610 0.002971
21.416667 3.998194 -0.000793
21.433333 3.999617 0.002997
21.450000 3.998183 -0.000816
21.466667 3.999625 0.003024
21.483333 3.998171 -0.000838
21.500000 3.999632 0.003051
21.516667 3.998160 -0.000861
21.533333 3.999639 0.003079
21.550000 3.998148 -0.000885
21.566667 3.999646 0.003107
21.583333 3.998136 -0.000908
21.600000 3.999654 0.003135
21.616667 3.998124 -0.000932
21.633333 3.999662 0.003163
21.650000 3.998112 -0.000956
21.666667 3.999669 0.003192
21.683333 3.998099 -0.000981
21.700000 3.999677 0.003221
21.716667 3.998087 -0.001006
21.733333 3.999685 0.003251
21.750000 3.998074 -0.001031
21.766667 3.999693 0.003281
21.783333 3.998061 -0.001057
21.800000 3.999702 0.003311
21.816667 3.998048 -0.001083
21.833333 3.999710 0.003342
21.850000 3.998035 -0.001109
21.866667 3.999718 0.003373
21.883333 3.998022 -0.001136
21.900000 3.999727 0.003405
21.916667 3.998009 -0.001163
21.933333 3.999736 0.003437
21.950000 3.997995 -0.001190
21.966667 3.999745 0.003469
21.983333 3.997981 -0.001218
22.000000 3.999754 0.003502
22.016667 3.997968 -0.001246
22.033333 3.999763 0.003535
22.050000 3.997953 -0.001274
22.066667 3.999772 0.003568
22.083333 3.997939 -0.001303
22.100000 3.999781 0.003602
22.116667 3.997925 -0.001332
22.133333 3.999791 0.003637
22.150000 3.997910 -0.001362
22.166667 3.999800 0.003672
22.183333 3.997896 -0.001392
22.200000 3.999810 0.003707
22.216667 3.997881 -0.001422
22.233333 3.999820 0.003743
22.250000 3.997865 -0.001453
22.266667 3.999830 0.003779
22.283333 3.997850 -0.001484
22.300000 3.999840 0.003815
22.316667 3.997835 -0.001516
22.333333 3.999850 0.003852
22.350000 3.997819 -0.001548
22.366667 3.999861 0.003890
22.383333 3.997803 -0.001580
22.400000 3.999872 0.003928
22.416667 3.997787 -0.001613
22.433333 3.999882 0.003967
22.450000 3.997771 -0.001646
22.466667 3.999893 0.004006
22.483333 3.997754 -0.001680
22.500000 3.999904 0.004045
22.516667 3.997738 -0.001714
22.533333 3.999915 0.004085
22.550000 3.997721 -0.001749
22.566667 3.999927 0.004125
22.583333 3.997704 -0.001784
22.600000 3.999938 0.004166
22.616667 3.997686 -0.001819
22.633333 3.999950 0.004208
22.650000 3.997669 -0.001855
22.666667 3.999962 0.004250
22.683333 3.997651 -0.001892
22.700000 3.999974 0.004293
22.716667 3.997633 -0.001929
22.733333 3.999986 0.004336
22.750000 3.997615 -0.001966
22.766667 3.999998 0.004380
22.783333 3.997596 -0.002004
22.800000 4.000010 0.004424
22.816667 3.997578 -0.002043
22.833333 4.000023 0.004469
22.850000 3.997559 -0.002081
22.866667 4.000036 0.004514
22.883333 3.997540 -0.002121
22.900000 4.000049 0.004560
22.916667 3.997520 -0.002161
22.933333 4.000062 0.004606
22.950000 3.997501 -0.002201
22.966667 4.000075 0.004654
22.983333 3.997481 -0.002242
23.000000 4.000088 0.004701
23.016667 3.997461 -0.002284
23.033333 4.000102 0.004750
23.050000 3.997440 -0.002326
23.066667 4.000116 0.004799
23.083333 3.997420 -0.002368
23.100000 4.000130 0.004848
23.116667 3.997399 -0.002411
23.133333 4.000144 0.004899
23.150000 3.997378 -0.002455
23.166667 4.000158 0.004950
23.183333 3.997356 -0.002499
23.200000 4.000173 0.005001
23.216667 3.997334 -0.002544
23.233333 4.000187 0.005053
23.250000 3.997312 -0.002589
23.266667 4.000202 0.005106
23.283333 3.997290 -0.002635
23.300000 4.000217 0.005160
23.316667 3.997267 -0.002682
23.333333 4.000232 0.005214
23.350000 3.997244 -0.002729
23.366667 4.000248 0.005269
23.383333 3.997221 -0.002776
23.400000 4.000263 0.005325
23.416667 3.997198 -0.002825
23.433333 4.000279 0.005381
23.450000 3.997174 -0.002873
23.466667 4.000295 0.005438
23.483333 3.997150 -0.002923
23.500000 4.000311 0.005496
23.516667 3.997125 -0.002973
23.533333 4.000328 0.005555
23.550000 3.997101 -0.003024
23.566667 4.000344 0.005614
23.583333 3.997075 -0.003075
23.600000 4.000361 0.005674
23.616667 3.997050 -0.003127
23.633333 4.000378 0.005735
23.650000 3.997024 -0.003180
23.666667 4.000395 0.005797
23.683333 3.996998 -0.003233
23.700000 4.000413 0.005860
23.716667 3.996972 -0.003287
23.733333 4.000430 0.005923
23.750000 3.996945 -0.003342
23.766667 4.000448 0.005987
23.783333 3.996918 -0.003398
23.800000 4.000466 0.006052
23.816667 3.996890 -0.003454
23.833333 4.000484 0.006118
23.850000 3.996862 -0.003510
23.866667 4.000503 0.006185
23.883333 3.996834 -0.003568
23.900000 4.000521 0.006252
23.916667 3.996805 -0.003626
23.933333 4.000540 0.006321
23.950000 3.996776 -0.003685
23.966667 4.000559 0.006390
23.983333 3.996747 -0.003745
24.000000 4.000579 0.006461
24.016667 3.996717 -0.003805
24.033333 4.000598 0.006532
24.050000 3.996687 -0.003866
24.066667 4.000618 0.006604
24.083333 3.996656 -0.003928
24.100000 4.000638 0.006677
24.116667 3.996625 -0.003991
24.133333 4.000658 0.006751
24.150000 3.996593 -0.004054
24.166667 4.000679 0.006826
24.183333 3.996561 -0.004118
24.200000 4.000699 0.006902
24.216667 3.996529 -0.004183
24.233333 4.000720 0.006979
24.250000 3.996496 -0.004249
24.266667 4.000741 0.007057
24.283333 3.996463 -0.004316
24.300000 4.000763 0.007136
24.316667 3.996429 -0.004383
24.333333 4.000784 0.007216
24.350000 3.996395 -0.004451
24.366667 4.000806 0.007297
24.383333 3.996360 -0.004520
24.400000 4.000828 0.007380
24.416667 3.996325 -0.004590
24.433333 4.000851 0.007463
24.450000 3.996290 -0.004661
24.466667 4.000873 0.007547
24.483333 3.996253 -0.004732
24.500000 4.000896 0.007633
24.516667 3.996217 -0.004805
24.533333 4.000919 0.007719
24.550000 3.996180 -0.004878
24.566667 4.000942 0.007807
24.583333 3.996142 -0.004952
24.600000 4.000966 0.007896
24.616667 3.996104 -0.005027
24.633333 4.000989 0.007986
24.650000 3.996065 -0.005103
24.666667 4.001013 0.008077
24.683333 3.996026 -0.005180
24.700000 4.001038 0.008170
24.716667 3.995986 -0.005258
24.733333 4.001062 0.008264
24.750000 3.995946 -0.005337
24.766667 4.001087 0.008359
24.783333 3.995905 -0.005416
24.800000 4.001112 0.008455
24.816667 3.995863 -0.005497
24.833333 4.001137 0.008552
24.850000 3.995821 -0.005578
24.866667 4.001163 0.008651
24.883333 3.995778 -0.005661
24.900000 4.001189 0.008751
24.916667 3.995735 -0.005744
24.933333 4.001215 0.008853
24.950000 3.995691 -0.005829
24.966667 4.001241 0.008956
24.983333 3.995646 -0.005914
25.000000 4.001267 0.009060
25.016667 3.995601 -0.006001
25.033333 4.001294 0.009165
25.050000 3.995555 -0.006088
25.066667 4.001321 0.009272
25.083333 3.995509 -0.006176
25.100000 4.001348 0.009381
25.116667 3.995462 -0.006266
25.133333 4.001376 0.009490
25.150000 3.995414 -0.006356
25.166667 4.001404 0.009602
25.183333 3.995365 -0.006448
25.200000 4.001432 0.009715
25.216667 3.995316 -0.006541
25.233333 4.001460 0.009829
25.250000 3.995266 -0.006634
25.266667 4.001489 0.009945
25.283333 3.995215 -0.006729
25.300000 4.001518 0.010062
25.316667 3.995164 -0.006825
25.333333 4.001547 0.010181
25.350000 3.995112 -0.006922
25.366667 4.001576 0.010301
25.383333 3.995059 -0.007020
25.400000 4.001605 0.010423
25.416667 3.995005 -0.007119
25.433333 4.001635 0.010547
25.450000 3.994950 -0.007219
25.466667 4.001665 0.010673
25.483333 3.994895 -0.007320
25.500000 4.001696 0.010800
25.516667 3.994839 -0.007423
25.533333 4.001726 0.010928
25.550000 3.994782 -0.007526
25.566667 4.001757 0.011059
25.583333 3.994724 -0.007631
25.600000 4.001788 0.011191
25.616667 3.994666 -0.007737
25.633333 4.001820 0.011325
25.650000 3.994606 -0.007844
25.666667 4.001851 0.011461
25.683333 3.994546 -0.007953
25.700000 4.001883 0.011599
25.716667 3.994485 -0.008062
25.733333 4.001915 0.011738
25.750000 3.994423 -0.008173
25.766667 4.001947 0.011879
25.783333 3.994360 -0.008285
25.800000 4.001980 0.012023
25.816667 3.994296 -0.008398
25.833333 4.002013 0.012168
25.850000 3.994231 -0.008512
25.866667 4.002046 0.012315
25.883333 3.994165 -0.008628
25.900000 4.002079 0.012464
25.916667 3.994098 -0.008744
25.933333 4.002112 0.012615
25.950000 3.994030 -0.008862
25.966667 4.002146 0.012768
25.983333 3.993961 -0.008982
26.000000 4.002180 0.012923
26.016667 3.993891 -0.009102
26.033333 4.002214 0.013080
26.050000 3.993820 -0.009224
26.066667 4.002248 0.013240
26.083333 3.993748 -0.009347
26.100000 4.002283 0.013401
26.116667 3.993675 -0.009471
26.133333 4.002318 0.013565
26.150000 3.993601 -0.009597
26.166667 4.002353 0.013731
26.183333 3.993526 -0.009724
26.200000 4.002388 0.013899
26.216667 3.993449 -0.009852
26.233333 4.002423 0.014069
26.250000 3.993372 -0.009982
26.266667 4.002459 0.014241
26.283333 3.993293 -0.010113
26.300000 4.002494 0.014416
26.316667 3.993213 -0.010245
26.333333 4.002530 0.014594
26.350000 3.993132 -0.010379
26.366667 4.002566 0.014773
26.383333 3.993049 -0.010514
26.400000 4.002603 0.014955
26.416667 3.992966 -0.010650
26.433333 4.002639 0.015140
26.450000 3.992881 -0.010787
26.466667 4.002675 0.015326
26.483333 3.992795 -0.010926
26.500000 4.002712 0.015516
26.516667 3.992707 -0.011067
26.533333 4.002749 0.015708
26.550000 3.992618 -0.011208
26.566667 4.002786 0.015902
26.583333 3.992528 -0.011351
26.600000 4.002823 0.016099
26.616667 3.992436 -0.011496
26.633333 4.002860 0.016299
26.650000 3.992343 -0.011642
26.666667 4.002897 0.016502
26.683333 3.992249 -0.011789
26.700000 4.002935 0.016707
26.716667 3.992153 -0.011937
26.733333 4.002972 0.016914
26.750000 3.992056 -0.012087
26.766667 4.003010 0.017125
26.783333 3.991957 -0.012238
26.800000 4.003047 0.017339
26.816667 3.991857 -0.012391
26.833333 4.003085 0.017555
26.850000 3.991755 -0.012545
26.866667 4.003123 0.017774
26.883333 3.991652 -0.012701
26.900000 4.003161 0.017996
26.916667 3.991547 -0.012857
26.933333 4.003198 0.018221
26.950000 3.991440 -0.013016
26.966667 4.003236 0.018449
26.983333 3.991332 -0.013175
27.000000 4.003274 0.018680
27.016667 3.991222 -0.013336
27.033333 4.003312 0.018914
27.050000 3.991110 -0.013499
27.066667 4.003349 0.019151
27.083333 3.990997 -0.013662
27.100000 4.003387 0.019392
27.116667 3.990882 -0.013827
27.133333 4.003425 0.019635
27.150000 3.990765 -0.013994
27.166667 4.003462 0.019882
27.183333 3.990646 -0.014162
27.200000 4.003500 0.020132
27.216667 3.990526 -0.014331
27.233333 4.003537 0.020385
27.250000 3.990403 -0.014501
27.266667 4.003574 0.020641
27.283333 3.990279 -0.014673
27.300000 4.003611 0.020901
27.316667 3.990153 -0.014846
27.333333 4.003648 0.021165
27.350000 3.990025 -0.015021
27.366667 4.003685 0.021431
27.383333 3.989895 -0.015197
27.400000 4.003722 0.021702
27.416667 3.989763 -0.015374
27.433333 4.003758 0.021975
27.450000 3.989629 -0.015552
27.466667 4.003794 0.022253
27.483333 3.989493 -0.015732
27.500000 4.003830 0.022534
27.516667 3.989354 -0.015913
27.533333 4.003865 0.022818
27.550000 3.989214 -0.016096
27.566667 4.003901 0.023107
27.583333 3.989071 -0.016279
27.600000 4.003936 0.023399
27.616667 3.988927 -0.016464
27.633333 4.003970 0.023694
27.650000 3.988780 -0.016650
27.666667 4.004004 0.023994
27.683333 3.988630 -0.016837
27.700000 4.004038 0.024297
27.716667 3.988479 -0.017025
27.733333 4.004071 0.024605
27.750000 3.988325 -0.017215
27.766667 4.004104 0.024916
27.783333 3.988169 -0.017405
27.800000 4.004137 0.025231
27.816667 3.988010 -0.017597
27.833333 4.004169 0.025550
27.850000 3.987849 -0.017790
27.866667 4.004200 0.025874
27.883333 3.987686 -0.017984
27.900000 4.004231 0.026201
27.916667 3.987520 -0.018179
27.933333 4.004261 0.026533
27.950000 3.987351 -0.018374
27.966667 4.004290 0.026868
27.983333 3.987180 -0.018571
28.000000 4.004319 0.027208
28.016667 3.987006 -0.018769
28.033333 4.004347 0.027552
28.050000 3.986830 -0.018968
28.066667 4.004375 0.027900
28.083333 3.986651 -0.019167
28.100000 4.004401 0.028253
28.116667 3.986469 -0.019368
28.133333 4.004427 0.028610
28.150000 3.986284 -0.019569
28.166667 4.004452 0.028971
28.183333 3.986097 -0.019771
28.200000 4.004476 0.029337
28.216667 3.985907 -0.019974
28.233333 4.004499 0.029708
28.250000 3.985714 -0.020177
28.266667 4.004521 0.030082
28.283333 3.985518 -0.020381
28.300000 4.004542 0.030462
28.316667 3.985319 -0.020586
28.333333 4.004562 0.030846
28.350000 3.985117 -0.020791
28.366667 4.004581 0.031234
28.383333 3.984912 -0.020997
28.400000 4.004599 0.031627
28.416667 3.984704 -0.021203
28.433333 4.004616 0.032025
28.450000 3.984493 -0.021409
28.466667 4.004631 0.032427
28.483333 3.984279 -0.021616
28.500000 4.004645 0.032835
28.516667 3.984061 -0.021823
28.533333 4.004658 0.033247
28.550000 3.983841 -0.022031
28.566667 4.004669 0.033663
28.583333 3.983617 -0.022238
28.600000 4.004679 0.034085
28.616667 3.983390 -0.022446
28.633333 4.004687 0.034511
28.650000 3.983159 -0.022653
28.666667 4.004694 0.034942
28.683333 3.982926 -0.022861
28.700000 4.004699 0.035378
28.716667 3.982688 -0.023068
28.733333 4.004703 0.035819
28.750000 3.982448 -0.023276
28.766667 4.004705 0.036265
28.783333 3.982204 -0.023483
28.800000 4.004705 0.036716
28.816667 3.981956 -0.023689
28.833333 4.004703 0.037172
28.850000 3.981705 -0.023896
28.866667 4.004699 0.037632
28.883333 3.981450 -0.024101
28.900000 4.004694 0.038098
28.916667 3.981192 -0.024306
28.933333 4.004686 0.038568
28.950000 3.980930 -0.024511
28.966667 4.004676 0.039044
28.983333 3.980665 -0.024715
29.000000 4.004664 0.039525
29.016667 3.980396 -0.024917
29.033333 4.004650 0.040010
29.050000 3.980123 -0.025119
29.066667 4.004633 0.040501
29.083333 3.979846 -0.025320
29.100000 4.004615 0.040996
29.116667 3.979565 -0.025520
29.133333 4.004593 0.041497
29.150000 3.979281 -0.025718
29.166667 4.004570 0.042002
29.183333 3.978993 -0.025915
29.200000 4.004543 0.042513
29.216667 3.978701 -0.026111
29.233333 4.004514 0.043028
29.250000 3.978405 -0.026305
29.266667 4.004482 0.043549
29.283333 3.978105 -0.026497
29.300000 4.004448 0.044074
29.316667 3.977801 -0.026687
29.333333 4.004410 0.044605
29.350000 3.977494 -0.026876
29.366667 4.004370 0.045140
29.383333 3.977182 -0.027062
29.400000 4.004327 0.045680
29.416667 3.976866 -0.027246
29.433333 4.004280 0.046225
29.450000 3.976547 -0.027428
29.466667 4.004230 0.046774
29.483333 3.976223 -0.027608
29.500000 4.004178 0.047329
29.516667 3.975895 -0.027785
29.533333 4.004121 0.047888
29.550000 3.975563 -0.027959
29.566667 4.004062 0.048452
29.583333 3.975227 -0.028130
29.600000 4.003998 0.049020
29.616667 3.974887 -0.028298
29.633333 4.003931 0.049593
29.650000 3.974543 -0.028463
29.666667 4.003861 0.050170
29.683333 3.974195 -0.028625
29.700000 4.003787 0.050752
29.716667 3.973843 -0.028784
29.733333 4.003709 0.051339
29.750000 3.973486 -0.028939
29.766667 4.003627 0.051929
29.783333 3.973126 -0.029090
29.800000 4.003541 0.052524
29.816667 3.972761 -0.029237
29.833333 4.003450 0.053123
29.850000 3.972393 -0.029380
29.866667 4.003356 0.053727
29.883333 3.972020 -0.029519
29.900000 4.003258 0.054334
29.916667 3.971643 -0.029654
29.933333 4.003155 0.054945
29.950000 3.971263 -0.029784
29.966667 4.003048 0.055560
29.983333 3.970878 -0.029909
30.000000 4.002936 0.056178
