0.000000 0.000000 300.000000
0.100000 0.000000 300.000000
0.200000 0.000000 299.902000
0.300000 0.000000 299.706000
0.400000 0.000000 299.412000
0.500000 0.000000 299.020000
0.600000 0.000000 298.530000
0.700000 0.000000 297.942000
0.800000 0.000000 297.256000
0.900000 0.000000 296.472000
1.000000 0.000000 295.590000
1.100000 0.000000 294.610000
1.200000 0.000000 293.532000
1.300000 0.000000 292.356000
1.400000 0.000000 291.082000
1.500000 0.000000 289.710000
1.600000 0.000000 288.240000
1.700000 0.000000 286.672000
1.800000 0.000000 285.006000
1.900000 0.000000 283.242000
2.000000 0.000000 281.380000
2.100000 0.000000 279.420000
2.200000 0.000000 277.362000
2.300000 0.000000 275.206000
2.400000 0.000000 272.952000
2.500000 0.000000 270.600000
2.600000 0.000000 268.150000
2.700000 0.000000 265.602000
2.800000 0.000000 262.956000
2.900000 0.000000 260.212000
3.000000 0.000000 257.370000
3.100000 0.000000 254.430000
3.200000 0.000000 251.392000
3.300000 0.000000 248.256000
3.400000 0.000000 245.022000
3.500000 0.000000 241.690000
3.600000 0.000000 238.260000
3.700000 0.000000 234.732000
3.800000 0.000000 231.106000
3.900000 0.000000 227.382000
4.000000 0.000000 223.560000
4.100000 0.000000 219.640000
4.200000 0.000000 215.622000
4.300000 0.000000 211.506000
4.400000 0.000000 207.292000
4.500000 0.000000 202.980000
4.600000 0.000000 198.570000
4.700000 0.000000 194.062000
4.800000 0.000000 189.456000
4.900000 0.000000 184.752000
5.000000 0.000000 179.950000
5.100000 0.000000 175.050000
5.200000 0.000000 170.052000
5.300000 0.000000 164.956000
5.400000 0.000000 159.762000
5.500000 0.000000 154.470000
5.600000 0.000000 149.080000
5.700000 0.000000 143.592000
5.800000 0.000000 138.006000
5.900000 0.000000 132.322000
6.000000 0.000000 126.540000
6.100000 0.000000 120.660000
6.200000 0.000000 114.682000
6.300000 0.000000 108.606000
6.400000 0.000000 102.432000
6.500000 0.000000 96.160000
6.600000 0.000000 89.790000
6.700000 0.000000 83.322000
6.800000 0.000000 76.756000
6.900000 0.000000 70.092000
7.000000 0.000000 63.330000
7.100000 0.000000 56.470000
7.200000 0.000000 49.512000
7.300000 0.000000 42.456000
7.400000 0.000000 35.302000
7.500000 0.000000 28.050000
7.600000 0.000000 20.700000
7.700000 0.000000 13.252000
7.800000 0.000000 5.706000
7.900000 0.000000 -1.938000
8.000000 0.000000 -9.680000
8.100000 0.000000 -17.520000
8.200000 0.000000 -25.458000
8.300000 0.000000 -33.494000
8.400000 0.000000 -41.628000
8.500000 0.000000 -49.860000
8.600000 0.000000 -58.190000
8.700000 0.000000 -66.618000
8.800000 0.000000 -75.144000
8.900000 0.000000 -83.768000
9.000000 0.000000 -92.490000
9.100000 0.000000 -101.310000
9.200000 0.000000 -110.228000
9.300000 0.000000 -119.244000
9.400000 0.000000 -128.358000
9.500000 0.000000 -137.570000
9.600000 0.000000 -146.880000
9.700000 0.000000 -156.288000
9.800000 0.000000 -165.794000
9.900000 0.000000 -175.398000
10.000000 0.000000 -185.100000
